111 nous 11 1111111111 rr 11 11111. 115

’ 111111111111, 1111111111 111111111, 11. Ἰ
11111111111111111111, 1111111111 1111111111,
mmmm· (1111111111, 11111111, 11.

Ι 111111111111 11 111111 1111111, 111111111 uu·

1111, 111,111. Ι

’ 111111111111 11 1111 11111, 11111111, 111.

111111111111111. 11111111, 111111, 111.

111111111111111111111, 11. ,

111111111111 1111111111,111111111 1111.,111.

mmmm· 1111111111111111, 11.

1111111111 (1111 11), 111.

1111111111 1111111111 (1. 1111111111), 111111

1111111111 (11111111), 111.

11111111, 11111, 11.

1111111111 (S. 1111111111), 111.

111111, 111.

1111111, 1111111, 11,11.

1111111, 11111 1111111111 1111111111, 111.

num, 11111 1111111111 111111, 11.

11111111 11 1111111111, 11.

1111111 (11111111 11),11. .

11111111 ((111111111111), 11111111 1111111, 111.

1111111(111111111),11111 111. 1111, 11.

111111111111111111111), 11.

1111111 (11111, 1111 11), 111.

11111111, 1111111, 11. ’

1111111111, 11111111, 11.

“ 11111111111, 11. ·

mmm (1111111111 11),111.

11111 (11111111111111), 1111111111111111111.11,1-
ptumum. “

111111,1111111111, 111.

Eum-'mm ubbm, 11.

1111(111111 11), 111111 (1111111111 111111111,
111.

11111111, 1111111, 111111111111111111-1111.

111111(111),111,111.

111111, 11. =

11111111 (1111111111 11), 11.

Bm 11111 (1111111 11), 11.

1111 111111 (111111111111111111 111111111111,
111111.

11111111(1·.1111111111), 1111111111, 111.

11111111111111111111), 11.

1111111111(111111), 111,111.

1111111 (1111 11),1111111111 11111111.

11111111111111 111 111111), 11,111,111,
111.

num, 111.

’ 1111111111(11111111111111(111),111.

11111111111111111), 111.

1111111111 (1111111111), 111.
11111111(11111111111 11),111111111 1111111.

muoso (1111111111 11), 1111111111 1111111111,

- 111.

11111111, 11111, 111111 1. 11111, 11.

11111111(111111111111,11111111 11), 111.

1111111111 (Thomas 11), 1111111111 1111111111-
111, 111.

111111 1111 (111111 111 111111111),11,111,111,

- 111111111111111111.

num, 111111111111111111,11.

’ 111111 111 1111111 11 1111111, 11.

1111111111 (11111 11), 111111.

11111 11111111111111), 1111111111111111 11
11111111111311111111,11,111. ·

11111 1111111 (1111111111 11),111111,11.

111111111111111111111111), 111.

1111111(1111111 11111111 11 11), 111.

1111111, 111.

1111111111(111111, 1111111111), 111.

111111 (111111 11), 111.

11111111,11..., 111. ,

1111111111, 1111111, 11.

1111111111111111(111111 11), 111,111,111,111.

numerus, 111111.

1111111111,’111111 1111111111, 11.

1111111111, 11111111, 111.

1111111111, 111111, 11.

1111111111, papa 111, 111.

1111111111, (1111111111, 11,111,111. =

1111111111, 11111111111111111.611111, 11.

1111111111 11 1111111, (1111111111, 11111111, 117.

1111111111111111111, 111.

111111111111(1111111111111, 11111111), 11.

11111111, 1111111111, 11.

11111111,11111111, 111.

11111111, 11111111, 11.

11111111,111.

· nunnus, 1111111111 11111111111111111, 11.

11111111, 11111111, 111.

11111111, 1111111111111111111,11.
11111111,111111111111, 11. ,
111111 11 0111111111, &voque demean, 11.
111111111111111111,1111111111, 11111.
11111111 11111, 1111.

11111111 1111, 11,11.

Rufinus [11 111111Ιί111) 111111111111111111-
1 ,11.

1111111111111111111111 111 11 (1111111111, 11111,
111111.

11111111 11 111111 1111111111, 1111111 1,111,111,
’ 187.

 

