118 nolis DE wilsonus ΕΤ DE llisux.

11111 11111111, 11. 3

- 11111, 1111111111111111, 111.

111111111111111, 181. Ι .
81111111111, ll.
11111 1111111111, 1111111 S. 11111, 11.

· 1111111111, 118.

linco (111111111111111111, 117.

11111 enuticusunus.

linco 11111111, 11, 81, 117.

11111 111111, 71.

1111111111,111111 11111111131111, 11, 111, 1111,
181.

linco 1111111, 81.

11111 11111111, 17.

linco (11111111, 1111111111111111111111, 117.

1111111111, 11. -

1111111111111, 11,111.

111111111111, 1111111111, 117.

11111 11111111, 111.

linco 8111111111, 11.

8111111111, 111. ‚

1111111111111, 11111111, 171.

111111111111111, 11111111 111111, 11

11111 11111111, 11111111, 111.

11111 111111111,11111111 11 111111111, 11.

linco 11 11111 (11111, cellum-lus 111111111111,
111, 111.

1111111111, 111.

1111111 111111, 111.

linco 1161111111, 118. “

1111111 11 (11111111, 1111111 ds 1111111111, 11.
1111111111 (1111111111, 11. '
1111111 chamos, 111111 S. Crucis, 11.
1111111 cunni, 117.

1111111 cneii, 111.

11111 11611111, 1111111111 11111111, 18.
linco ds Gustu, 711.

11111111111111, 711.

111111111111111111, 11111, 111, 111.

linco 1111111111, 117.

linco 1111111111, 188.

1111111 1111111111, 1111111111 11 levius, 111. 1111.
1111111 1111111, domicellus, 118.

11111 ds 1111111, 11111, 111, 117.

· 111111111111,11. ’

1111111 Pedio, senescalcus Lugdunensis, 71, 181.
linco delicies, 11.

1111111111111111, 111.

1111111 S. 1111111111, 11111, 111.
11111118.11111111, 1111111111 Lugd, 111, 111.
linco 11 8.(1111111,11111111111111 ecclesius, 111.
1111111 8111111 11111111, cunnensium.

Ι11111 1181111111,111111111111, iil.

11111 ds 811111, 111111, 111.

1111111111111, 181,117,111, ¹

. linco 1111111,1111111111111111111111,11, 111,

lun.
1111111 11111, 111111111111111.,’117.’
linco 11 1111111111, 1111111111, 88, 111.
1111111 11111111, eustos, 111.
1111111 11111111, 111111 1111111111 11111111, ul.
1111111111, 111.
11111111 1111111111.
1111111511111111111111111, 1.
111111111111111111111. .
1111111 11 11 0111111111 111111, 11.
1111111 11 111111,111111111 01111111, 11. ,
1111111 111, 111 choungngnc, 111.
1111111,1111111111111111111,11. ,
11111111 11 (1111111111, 78.
llus-sunus, 11111111111111 Lugdunensis, 111.
111111111111, 11111111111111111, 11. ,
1111111111 11 1111111111, 1111111111 11 8. 1111, il.
11111111 ιι, sinc 11111111, 11.
11111111 1, sins dc 1111111-1111111, 11. , -
1111111111, 181. Ι
1111111111,1111111 111111111111, 181.
11111111111111118. lusti, 181.
nouimus, 11111111111111 Lugdunensis, 11.
1111111111, canonieus 11111118. 1111111, 711. 3
Hunnsnus, clericus, 111.
1111111111, 111111111111111111, 111.
1111111111, 1111111111111111,111. ·
1111111111, 111111111111111111111, 11.
1111111111, 1111111111 8. 11111, 1111111111111111.

l 11111111111111111, 11.

Ι 1111111111,111111,11.

1 1111111111,11111111,118.

i 1111111111,111111111111111111111,11.

Ι 1111111111, 11111111111111111111,111,
1111111111, 11111111111111111111, 11.
1111111111,111111111,111 , ¹ '
1111111111, 1111111111, 181. “
1111111111,111111111111, 181.
111111111111111111,11111, 1111, 211.
1111111111111111111,1111111111 111111, 111.
1111111111 1111111111, 11.

1111111111 111111111111111111, sseusdus 11111-
111 8. Crucis, 181, 111,111.

111111111111 11111 Pulsi, 111.

111111111111 lis-iou, 1111111111 11 11111111. nl.

[lunum 11111111, domicellus, 11111.

111111111111 (1111111111, 181.

111111111111 01111, 1111111111 111-

, 11

 

