300 ‚2 1111111111111 ’

111111(71111111 11), monachus 811111111111111,71.
111111 (1111111111),188, 180.

1111 (11 1111111111), 50.
1111-1110111(11ο1111111), 11.

1111 (11111111), 11111125.

11111 (1111 11), 71.

Versa (1111111 11), 10, 01.

1111 (1111111), 111.

11111111 (1111111111), 117.

111111, 111.

1111111111 (parrochia 11) (1.11111111111), 117.
11111111(1111111 qne 1111111), 100.
11111111111 (1111111111 11), 106.

1111111111 (Bes-nardus 11), capellanus, Β.
1111111111111111111, 111.

111111111 (apud), 111.
1111111111 11111111(1111111111), 18, 105. ,

1111111111111111111), 80.

111111 (1111111111 11), 111.
11111(1111111 11111111111111111, 11.

11111111(1)111 11), iso.

1111111111, iii.
1111111111 (1111111 ia 1., apud Leniiiiacunr), 18.

1111, 1111111111, 187.

1111111111 (ecelesia 11), 100.
11111(111ἱ1111,ρ11111111) (1.11111),16, 180, 111.
11111 (pons), 110, 110.

11111 (11111111, prior 11), 171.

venenarios, 11111110.

1111111, so.

1101111111), sacerdos, 117.

111 (Peneius 11), 11111111, 81.

11111111, 111111, 101.

11111111 (parrochia 11), 11.

11111111, cononicus, 78,110.

11111111, 111111, iso.

111111111νί1, 17.

11111111, miles, 21.

111111111111111111, 17.

11111111, sacerdos 11 cononicus, 7. ¹
11111111, sacerdos 11 111111 S. Crucis, 110.
11111111, 111111111111111 Aurei, 511.
11111111111111111111 (1 . 1111111111 11 11).,7,10.
1111111111 Gieaens, 110.

1111111111,111111 Bererdi de Chiiiilon, 100.
1111111111, 111111, 10.

1111111111111111111, canonicos 11111111, 08.
111111111111111111111 (1 . 11111111 de 11),, 51.
1111 Novo, (11111 11), 111.

111ο,111111111, 11.

1111111111, 10.

1111, subdiaconos, 11.

11111111 (111111111111), 101.Ι

111111(611-111111111 11), 11. ·

1111111111 (11111111111111), 201.

1111111111 (0111111111 11 111111, archidiaconns),
sii.

1111111111(111111111111111) (V. iioeo, 11111111,
1111111111),11, idi, iso.

1111111111(111ο11111), ia, 115, ies.

1111111111 (111111), se, 70.

1111111111(Βο111, 11111111),17.

1111111111 Delphinus (Karoins, primogenitus
lobannis regis Francis), 101.

1111111111 01111111, 100.

1111111111 (diocesis), 56, 101.

1111111111 (domus S. Martini), 100.

1111111111 (11111111),80.

1111111111 (1111111), 208.

111111111111 (pedagium nundinorum), 101.

11111, 01111111, 100.

11111(1. 1111111) (1111111111),1.

111111(11111111, 11111111,1111111111), 1, 01, 108,
111111.

111111 (delardus 11), 1.

111111 (1111111111 11), archiepiscopos Lugdunensis,
ai.

111111(811111111111), 1111111, 18, 10.

1111111111, presbiter, 111.

1111111111 (1.11111 1111111, 1111111111) [Goipo
11 01111111), 71.

1111111111, 111111, 17.

· 11111(111111111111),111.

11111111, 117.

11111 1111111101, 111, 101, 110.

11111 11111111111111 de), 11111111111311111111,
01.

111111111111111 11111 11111111(1111111, obedien-

· 111), 1, 11, 11, rae, 111, 111, 111.

1111111111(1111111111, Ain), 111.

11111 Nova (1111111111, boire), 112.

1111111111 (monesterium), 208.

1111111111 (11111111 de), senior, 117.

111111111(111111 de),oopeiianos, 158.

1111111111,1111111111,1111111118.1111111111111.,
ies.

11111111 [indicos 11), capciionos perpetuos, 01.

’ 1111111 (Gageria, domini de), 11.

1111111 (1111111111), 1,10.

1111111, (1111111111 de), 1111111111111111111111111-
si 150.
vincins (1111111111),1111111111111 bugd, 01.

1111111 (1111111111 11), archiepiscopos Lugdunen· '

sis, 110.

 

