444 44444 4444444044444.

*4484 43 septembre. - 44444 44 44444 4414444, 444 444444 raguse 4444444444-
4444444 4444444 44 villars, et 444444 44 gardo 44 saint-Genu, 444.
*4444 44 4444444. ω44444 44 44444444 (fille 44 44444444 44 4444444444), 48. ·
*⁴095, 44 decembre. -44444 44444444, 4444 44444444, 444.
*4444 44 4444444.- -44444444444444 ,444444 44 444444, qui 444444 4 4444444 54444-
4444444 444 44444444 4 Fraus 44.

4447, juin.- -Mort de (44444444444444444, 444444 44 hyon 44 44 44444.
-Son 444444444444 14 ’4 4444444444 444.

*4444 4 44444.- 44444 44444444 de 44444, 444444 44 4444444444, qui augmenta 444
444444444444 44 44444444 de 84444-444444444. 44 444, 44 4444444 44 44444444
44444-44444444, 444 444444444444 4 4444444444 44 4444444444, 44.

*4444 46 mai. — 44444 444 4444444 444444, 44444444 44 4444, puis 4444444444, 444
444 4444444444 444 44414444 du 44444, 44 44444444, 44 44444444 404444, 44.

*4444 44 44444. Η--44444 44444444, 4444444444, qui 4444 4 4444444 844444444444 444
444444 par 444 4444444444 &saint-Marum Ι’,444444 54.

4444, 44 4444444.- 44444 44 (44444444 44 4444444444, 444 44 44444444, premier roi
44444444 de Jerusalem, 48..

4*444, 44 44444444* 44444 de 4444444 4444444444, qui donna 4 4444444 44444 ·
44444444· 44 quil 4444444444 44 44444 4344444444, nouzon 44 44444444, 4444.

*4444 44444444. - 44444 4444444444 (44444, 4.

’4444 ου’ 4444, 44 444. .„ 4444 44 44444 44444444 44, 44444444, 44.
*4444 44 4444444. - 44444 44 4*444444444444 4444444, 4.

*44444 44 4444. -— 44444 444 4444444444 (444444, 88.

4446, 4 octobre. - mort 444 4444444 4* do 4444444444, 4444444444 44 4444. —-
Legs de bijoux 44444444 44 444 444444 4444444444 sacerdotnm: - 444444-
44444444 44444444 44 Βιί4444444444ς —·- 4444444444 444 44444 44 4444 4444444444
84 4444444444, 44 grand ’44444 44 44 4444444444, 44 44444444 44 84444-
44444 44 44 44 maison 44 4444444- 4444444444 444 44444444 44 Thori-
gny, 44 saint-Anam, 44 44444444 44 44 Romamn ·· 44444444 do 444444
444 44444444444444, 44 544444444444-44444, 44 44444444, 44 54444444,
44 844444, 44 44 444444 4444 444 4444444444 44 44444444 44 44 44 44444444
- 444 4*444 grand 4444444 44 444444, 4444’4444·444·-444 mmmmm
4444444 444, 44444444 44 44444 Angustia, 44 44444 4444444444, 44 4444444444 de
Nazianze, 444 44444444, 44 Didima, 44 4444444444 4444444444, do 44444
4444444, 44 pape 0444444444, de 44444444, 4444444444, 40444444, 4444444444
44 4444444444 44 44444 4444444 44 4444444444, 44444444, 44 41444444, 44
44444444, 44444444, 4444 *4444444444 4444444444 44444444 de 44444-
444444, mmo.

4448, -44444 44 44444 44 4444444444444444444444444444444444444444444444 44.

*44444 44444.- 44444444444444 44444444444ω444ᾙ444444144444444444
vigne 444444 t 4444, 84.

4444, 84444444.υ-444444’4444444,4444444444444,44. ¹* ,

4444, 44 avril.- 44444 44 44444 mo 44 4444414444, μ m 4 saint

 

