3111 rim 1111111111

111111(ῦ111111111, 11111, 11 11111 11), 71.

1111111111111), domicellus, 111. .

1711111, stephanus, 111111111 11111111, 77.

1111111111111 11),111, 111.

11111111. 11), 111,111,111.

Maura (111111111111), camararius, 111, 111.

1111111 (1111111111, 111111111111111 111.),1111-
111, 111, 111.

1111111111111111), 111.

Mauram (111111111111),71, 111.

111111111111111111111), 11 noum-lan, 111.

Mauram (Guiilaimua 11), 1111111111, 111.

11111111 (nugo 11), 111.

11111111 (Eupo 11), eanonicus 11111111, 111,111.

mariaco (1111111111), 1111111, 11.

11111111 (1111111111 11), 1111111111111., 11.

flaniaco (1111111111 11), 111.

murato (W. 11), 171, 117.

11111111111111 da la), 117,

liniaco (11111111),1.

11111111,11111111, 111.

11111111, 17.

1111111111), 11, 111.

11111111 11 Boreo, 71.

1111111111 (11111111, 1111111111, 11, 111, 111.

1111111, uxor 1111111111 1111111111, 111

1111111, 1111111111 1111111111, 11.

’ 1111111111 1111111111, 1.

privatoriarum, 11.

. 1111111111 (11111111 11), 111.(11111111111 11
11111 11 111111111131, 111.

1111111111 (111111111111111111), 1111.

1111111111 (episcopi), 17, 11, 71, 111, 117,
wistri.

111111111111(1.1111111), 111.

111111111111111111111. 11111),11, 111.

1111111111 11 S. (1111111, 1111.
1111111111ιὲ (1111111111, 1111111111), 11.
1111111111 baali), 11, 111.

Maurus, 11111111, 1.
1111111111 11), 7.

1111111 (grangia 11), 117.

11111111 (11111111, 1111 11), 17,11,11, 11111,
111.

1111111111 (11111111, archipresbiter 11), 11.

Maximam (11111111 11), 11, 111.

urnam, 11111111, 111.

1111111111 Grani, 111.

111111 (1111111 11),11111111, 111.

1111111111111,1111111111), 11.

’ 11111111 (Prima 11), 1. ·

1111111111 (illido), 111.

riman (David, consumar, 1111111, 111111, 111-
quor 11),1.

11111111, 111, 11, 111, 111.

1111111111,11111111, 11.

11111(111111111111 11), 111, 111..

1111111111(1111),111. “

11111111111111111), 11111111 Pup, 11.

1111111111.

11111 (S. 1111111111 11), 11.

1111111,11111111, 11.

1111111,1111111,1. ,

11111111, 1111111111, 1.

1111111111(11111 S. 11111111 11), 11.
1111111, 111.

. 111111(111111111111), 1111.

1111111 (Gripo da), 111. '

1111111 (1111111111), 111111, 11.

Harmina, 11.’

mnu», 1111111111 (1.11111111 111111),1.

1111111111 (111111111111111111111 11111), 111.

1111111 11 1111, 7. ,

1111111111 (capolia 11111), 111.

1111111111, 1111111111, 117.

1111111111 (viiia), 10.

11111111 (retrusae), sacerdon, 17.

11111111 (1111111111), 11.

unnim, 11).

11111111, Alexander, 17.

11111111, 111, 111, 111.

11111111 (11111111), 111. ’

1111111111([111111111,1111 11), 11, 111, 117,111,
111, 111.

1111111111 (11111111 11),11111111 rai Capelianus,
11, 111.

111, 1111111111111 11111, 11.

1111, 11111111, 111.

1111, irater Ponieri 11111111, 11, 71.

Miro, 111111,71.

1111, 11111, 11.

1111, 11111111, 111. ’

1111, prior 11111111, 11.

1111111111, 71.

11111, 1111111111, 111.

1111111111, 11,111,111.

1111 11 1111111, 11, 71.

uuo 1111111111, 111.

11111111111111, 1111111, 11, 111, 111, 111.

Error, Dalmatius, 11.

iiiior, Si 11 1111111111-11111111, 71.

11111111 (1. 111111), 111.

1111111111 (111111 11), 111, 111.

1111111111, 11, 111.

 

