111 1111 11 1111111111 11 1111111.

0111111(11111111 11), 1.

ι 01111,11111111,11.

0111111, 117, 111.
, 0111111111, (1111111111, 111.
01111111(111111111111). archidiaconus, 171.

01111111 (1111111111 11),1111111111 1111, 111,
111. ·

0111111, 111111, 11, 111.

0111111111,111111111111111., 171.

0111111 (1111111111 11), 111.

0111111111, 18.

011111111111 0111111111111 (1111111111, 1111111111-
111111), 11, 111, 1111.

0111111111111(111111), 71.

, 0111111(1111111111111111111),11.

0111111 (0111111111), 118.

v 01111111 (1111111111), 11111111,Ι 111.

01111111. -
01111111110111111(1111111111), 111, 111.
01111111(1’1111111),1111111111111111111, 111.

011131117οὲ1 (1111111111 11), 11111111 nmis 111·
1, .

’ 0111111, 111, 11111 111111111111111111111, 11.

01111111, 1111111111.

0111111111, willelmus, 111, 111, 111,.

011111ῐ11111(1111), 111. - ι

0111111, 1111, 111111, 1.

01111111(111111,111111),1, 111, 111, 1111, 111.
111, 111, 111. ’

01111111(11111111111 11111111),11, 11, 81, 111,
111, 111. -

01111111111111), 11, 111. 11. 01111, 11111111.
0111111111 11 11111111 (111111), 1111.

, 011111111111(1111),111, 111.

0111 1111(11111111111111111), 711111, 111, 111.

· 0111ιπ1(111111111 11),111.

0111111111 (11111111), 1.

01111111(01111 11),111, 111, 111.

011111(11111111111111), 11, 111, 111.

01111111(111111 11), 71, 111.

01111111 (11111111 S. 11111111 11),17.

0111111111 (1111111111), 111.

01111111111011111111 11), 11111111, 18.

01111111 (1111111), 118.

0111111111, 1111111, 81.

0111111111 (1111111111 1111111111 11),12,1111.

0111111111(1111111111), 71, 71, 111. ·

01111111111(11111111 1111111111 1111111111·
111, 71. ’

0111111111 (1111111111 11), 71, 111.

0111111111 (illi 11), 11.

011111111111(11111111), 11.

011111 111111 (11111111), 111, 111,

011111111 (hospitalis 111111), 111.

011111111 (1111111), 11.

01111111 (11), 111.

01111, 71111111, 111.

01111111 111, μμ, 111.

01111111111 111111111111.

011111 11111111 (hospitalis 11), 1111.

01111111011111 (1111111), 111, 111.

01111111, 11. ·

0111111, 111111, 117.

011111 (0111111111 11), (1111111 11 1111111111, 1111.

01111111, 1111111111, 111111, 111.

0111111111, 111111, 111.

01111111,11111111111, 111, 111.

01111111 1110111111,111111111, 111, 117.

011111, willelmus, 1111.

0111111111 (allodium 11), 111.

0111111111 111011111111 (11111, 11111111 11), 11,
71, 111, 111, 111, 111, 1111.

011111(1111111, 1111111111), 111, 111. ,

0111111111 (11111111 11), 111.

011ι111(11111 11), 187.

01111111(0111111111111),11111111111, 111.

011111, 0111111111. 1111111111, 11.

01111111 (1111111111 11), 111.

0111111111, 111.

0111111111 (S. 1111111111 11), 11.

0111111111 (11111111), u, 117.

0111111111 (111111 11), 111111, 11, 18.

0111111(111111111111), 11.

01111111 (Pium 11), 11.

0111111 (1111111111 11), 111111.

0111111 (11111111 11), 111. ,

0111111 (11111111), 11111111, 1.

0111111 (111111), 17.

11111-11111111111111111), 11, 11.

011111111011111111, 1111111111 1111, 211211.
0111111111, 01111111, 12.

0111111111, 0111111111, 111111, 111.

0111111111, 011111111, 1111111, 118.
0111111111, 01111111, 1111111111 1111, 111, 111.
0111111111, 111111, miles, 1111.

0111111111, 11.
0111111111, 1111111111, 111.

01111111(11111),111. .

0111111 (1111111111 11), 1111.

01111111111, 1.

0111111111, 011111111111, 011111111111 111
01111111111, 71, 111, 111.

0111111111 (tuschia 11), 11.

0111111111 (11Ιί 11),111.

 

