· Ι 00101110101101110111(11111),01. ·

uus 10110 01 111000010110111001. 013

S. 11011 (hospitalis), 000.

S. 70010 (1000111 10), 100.

S. 0100111111 (00110110), 00, 170.

8. 1111011111 (10 1000000), 00010110, 107.

8. 1110010011 10 S. Paulo bugd. (00010010), 100,
000, 0101 ⁸

S. 1111100110 10 71000001100.

S. 1100111110 prope Chunusuaiuna, 0.

8. 0010111011 subtus 1100011011 (00010010), 001, 211.

8011110111 10 11110 11010010 (obediencia), 110.

8. 101111011111111110(11110), 102.

8. 1110111110 (0011001010ου0 1011101100, 110.

8. 1111011100000010010), 200.

8. 11100111111(00010110,11110), 01, 100, 101, 000,
000. .

8, 11110111 (11001), 1011.

S. 11011111 (capelia inhonore), 170.

8. 11001101 (00010010), 101,101, 010, 211.

8. 11101111 1101001101100000 (parrochia), 0,
100. -
8. 11001111 10 Cassiano (00010010), 07.
81110101001011001010001, 00.
S. 11001101 10110010 (Busa, ebbae), 1117.
8. 11101111101100101011111010 (ecelesia), 100,107.
S. 1101111110 11001010101101101010 (eeclesia), 1,

01,01,11, 1101, 111,100,111, 101, 101.
S. 1100111110101 Lugdunensis (0010100 100110101),
01, 100.

8.’11001111110801111010(00010011), 1, 107.
0110001110811100 (eeclesia), 07.
S. 1110111110 811010101101110 (00010010), 00, 107,

. 111, 011.

8. 11001111 Sagennuusis (10000000, 10000),07.
8. 11101111711000101000100101 (1011000), 00.

¹ S. 11111011 Viennensis (1010111),100.

8. 11101110 (ecelesia), 100.
8. 11101111100010011110 (eeclesia), 01.

S. 1111010100 10 110110, 22.
8. nunninus (eeclesia), 00, 170, 100.

8. 1110011111(1001100), 100.
8.1110111111(110010), 100.
81110100 (ecelesia, parrochia),26, 00, 100, 112,

111, 101, 000. ·

S. 1111101011 (11000 iuxta), 01.

8. 11101011 (1111), 100. ·

8.11101010((1110001100 10), 177.

S. 1110110101 10 1011010101 (00010010), 100.

8. 11011 Lugdunensis (00010010), 11, 00, 00, 70,
11,00,100,101,111, 111,111,111,111, 101,
171170, 177, 000, 202, 007, 200, 200, 220,
000. ’

8.11111(00001), 170.

S. 1101( (epistula), 110.

8. 11011 10 (010110 (parrochia), 0, 20, 01, 71, 70,
10, 101011, 011001. .

S. 11111,11000011110000001 (101011), 001.

S. 11010 (11011010), 07,“00. -

8. 11010 (iohannes 10), 71.

811010 (1111101101110),71.

811111 (0110110), 100.

810111 1111101101 (monachus), 100.

. 8100010111001101100. (monasterium), 00. ,

811111 11111οω001ιί0 (eeclesia), 00, 110.

8.1110111011010001110 (lingo, prior), 00.

811101 11οο1011011 101 1101101100(ωο100100,00-
1100),00,101, 111, 100, 001, 000, 011, 220,
200, 011.

81010111010110 (eeclesia), 17, 000.-

S. Poeno (1000101110 110), 07.

8. 1111101110110011011(0011010111110, 001..

8. 11111010101 10011010 (seruandus 10), miles,
220.

8.10111010(8111001 de), 171, 100,100.

8. 10111010 (1000110 10), 107.

8. 10011010 (1111101101),0001011111011101111.

8. 10010010 (1011011110), 71, 010.

8.11011110(10111010),170, 100. · ,

S. 1111111100 111100 (ecelesia), 000.

8. 11111011 (01111110, 100100010),“110.

S. 1110110100 1101000110, 101.

8. 1101111 (capellanus, eeclesia), 1, 0, 0, 0, 10, 15,
10, 11, 10, 10, 01, 00, 10,11,00,111,101,
111, 111, 110, 101, 010, 001. 011, 001, 010. .

8110111111 101010 (11110, 00010010), 01, 01, 110,
110. “

8. 1101111 10 Coruus (ecelesia, 11110),0,00,10,100,
111, 011, 000. ’

8110111111 10 0101· (ecelesia), 010.

8. 11011111 1011γο (prioratus), 200.

· 8. 1101110(1001000010170110), 207.

8.80100111111(ρο1100010),110, 100, 107.

“ S. 8110101110 (8000011110), 117.

8. 8110011100 10 (100001, 72.

8. 81011 (00010110), 000.

S. 81100001111(011010,00010010, 0001101110),0,01,
00, 10, 100, 011, 001.

8. 81101011111000111 (0001100110), 0, 00.

8. 8110100010 (0110101110 10), 0.

8. 8110110010,οο (1.81111001100) (Dalmatius de),
0110001010 01 101110, 01.

8. 8110100010 (0011000111 110), ruilus, 70.
8. 8110100010 (11110010), 1011101010 01001011,
00.

10

 

