‘r

MS 110118 li! 1111010118 El· nit mlix.

011111 (S. (1111111111), 11.

0111111111, 11111111 chori 111111, tit.
011111111,11111111 11111111111, 11.
woutermannus, 1111111 11111111, 111.
01111 (1111111111), 1111171111, 111.
(luten (11111), tto.

0111(ὓί11111 11), 11.

011111,1111111111, 11111151, 11, 111,111.
01111111, itii.

0111111011 1), 111.

01111111, 111111, 11.

01111111, 1111111111, 71.

01111111, 1111111111 1. 11111, 11.

1.,1111111111111111111,111. ,

1.,11111111111, tot.

11111111, 111111111171111, 111.

1., 11111111111 1111111111 Lugii, 181.
1111111, 1111111111.

1111111, 11111111, 11.

1111111111, presbiter, 11

11111111, 1111, 11.

Priami, 11111111, 111111 S. Cruelo, 11, 11.
1111111 lausdunensi (1111111111), 111.
1111111, 111111, loyen, 1.

’ 11111111, 11111111, decenus, 11.

11111111(111111111111), 1111111111, 111.

11111111, 1111111111, 111.

1111111111111111111, tt, 111.

1111111111 1111111111, 11.

111111, symon, 117.

11111 (011111 11 11), 1111111111, 11.

11111(11111111111 1111), [111111 111111111111,
11.

111111111111111), 11111111111, iti.

111111 (protus 11),11.

111111(1111111111), mileo, 11.,

111111 (11111111), archidiaconus, 11.

111111 (Gulllelmus 11), 11111111111111111111111,
11 1.

eirenopolim 11), 1111111111, 11.1

111111 (1111111111 11), 1111111111111, 11,111.

111111 (villermus 11), 111111111,111111 et propo·

¹ 111118.’111111,71.

111111 (11.11), 187.

111111 (W. de), prepositus 11111111, 1111.
111111(1111111111111), 111.

oneretur, 1111111, 1ιῖ

01111111, 111111 liupoulo militie, 11.
01111111,111111, tot.

01111111, prosiliet, 111, 111.
01111111, sacerdos, 11.

01111111, 111111, 11.

01111111 11111111, 111.
0111111111 Suro, 111.

0111 11 111111 Aureo, 1.
011111151111, 1111111111, iii.
01111111, 1111111111, 17.
0110111111 11), 11111111111111111, 118.

⁴ 111111 (intirim 11), 1111111111 S. 1111111111

prepooitur S. Tirone 1111111111, 111.
1111111111, presbiter, 11
emor-rme (111111), 111.
11111111 (111111), 11.
1111111111 (11),11.
1111111111, 111.
111111, too, 111.
11111111, 1.
1111111111 11111111, 8111111111, 1, itti.
11111,11111111, 71.
1111111111111111111111 (pror 11), 111, 111.
111111111111111111111),111, toti.
1111111111(11111111111111111111111111111), 111.·
1111111111(111111111), too.
11111,1111111111111(1111111 militie, 111.
11111 (epistole), 11.
11111111, epiecopur, 111.
1111111111, 01111111, 1111111111 1111111111, 111.
11111, femin, 11.
emor, 117.
11111, 11111111, 71.
larentiniana, 11111111, 11, 11.
11.,1111111, 111.
11.,111111111, 181.
11. 11 Nouio 1111111, 181.
111111(11111111 11), muniones. 111111, 1.
emate, 111111, 1111.
Puero-ru, Gulolrurduo, 177.
1111111111, Guilleluruo, 111.
11111111111111111, 117.
11111111, 1111111111, 1111111111, 181.
1111111111111111111), 71, 117,111.

 

