11118 110118 nii 1118011818 1111118111.
11111111181111111111111111111,1111011111111 11111111 (1111111111 11), 110.

111111111111, 111,111, 111.
811111111111111, leniit, 111.
811111111, nugo, 181.
81111111(1111111), 111.
81111111 11811111, 107.
, 8111111, (infigo, 1111111111111111111,181,
81111111, 1111111118. ’
8111111, 8111111111, 1.
11111111, 1111111111, 18.
8111111111 81111111, 11.
8111 (1111111111 11),11, 111,111, 111, 101, 111,
annunt
8111111111 (1111111111), 11.
811111111111111, 111.
¹ 111111111111111111, 1111111111, 10.
811111111111111111111, decretorum 111111, 101.
811111111111111 11), 111 .
1111111111 (11111 de), 118.
8111111 (prior 11), 111.
811111 (111111), 110.
Bone (1111111111 de), 181.
81111 (1111111111), 111.
1111111111ιί1 111), 11111111, 11.
811111 ιι (11111111), 11111111 0111111111, 111.
8111111 (11111111 8. 1111111111 11 11), 111.
11111111,111111111,111111, 111.
8111111111, 111111, 11.
8111111, 111111111111, 111.
8111 111 1111111, 181.

11111111.

11111, 1111111811111 i· (11111111, 181.
81118111, 1111111,1,118.

81111111, 111111, 11111.

811111, 1111111, 11.

81111111111111111, 111111111111111.. 111.
nonnus 11111111, 111.
811111111111111111111111111111), iinon, 118.

81111111111111 vei 1111111111), 101, 101, 111,
mmmfflmn

81111111111111111, 1,111.

811118111111111 (1111111 11111), 111111 11111-
11111, 111.

81111 inm 111 8111111111 (8. 111111111),1,
10, 17, 111, 181.

811111, 11111111 11111111, 111.

811111 iniens, 10, 111.

81111 111111, fliius 1111111111 de 8111111111, 111.
81111 iim, 181.

iim (Engo 111), 111.
811111111111 111), 181.

11111111 (111111 11), 111.

8111 (8111111111 111), 111111, 111.

81111111111111111111111, achiepiscopus), 11.

81111111, 111.

8111111, 811111, 111111, 101.

8111111, 1111111, 88.

811111 (11111111), 11.

811111, 181. 111.

81111, 11111111111111111111, 8.

81111, Viennensis 11111111 1111111111 81111
8111111111,11.

nouo 11111111, maginni· 1111111111, 11,

811111111111111111, 1,

81111101111111111111), 111. .

81111111 (1111111111), 100.

81111111 (8. 8111111111 (111), 181.

81111 (lunium 111),118.

81111 (1111111111 (11), 18, 118.

811111111111 11), 118.

8111111111(111111111111111),101.

8111,11111118. 11111111 de 111111, 117.

8111, 11111111111111111, 111.

8111, 1111111111 8. Sulpicii, 188.

8111,1111111111 Ponti-nnn, 1.

Bono, (1111111, 111111, 1.

’ 8111 1111111111, 11.

8111 111 111111 Desiderio, 111.

8111111 (11111111),111111111 Luni, 111,
811111, roi 111 8111131111, 11.
8111811111111), 118111ῑί1, 101.
81111111(811111111111),11. “
8111111111,111. ,

nonu (pnmehin 111), 11.

811110111111, 111111, 188.
8111111118111111, 111.
811ο,111111111111 1111111101111111, 111.

8111 11111111), 11.

8111(11111111),101.

1111111111, 10.
11111,111111111111111111111 11111111, 111.
11111111 (111111), 111.
8111111(1111111111),111. ¹
8111111(811111111111),11, 111, 111. v

Bm (Mundus 111), 2⁰7.

1111111111, 111111, 111.

· mummium

81111111, iii.

811111, 1111111, 11· ,

humi, 11111111, 111.

8111111111 111 mm, ¹⁸⁸·
8111111111, 181.

 

