311 11111 crsisius

111111111111111111111111, 1. '
8111111111, procuratur 11111, 11.
1111111111, puer et 1111111111, 117.

5111111111, regularis, 51.
8111111111, 11111111,7,15, 15, 51, 15, 55, 51, 11,

111 157.
8111111111, 1111111111111111111,55, 15, 111,

8121ξ1111μι111111111111111. crucis, 151.

8111111111, 111111111111111111111111111111, 15.

, 8111111111, sacerdos et mouncbus Vsllis S. 111111,

staticus, 111111111181111111,5.

1111111111,11111111111, 51, 151, 151.
8111111111,115111111111 et 1111111155.
5111111111 11111, 11111 bugd, 51, 111.

8111111111, 11111111, 11.

5111111111 1111, 11.

8111111111 Asterius, villicus 11111111, 155, 151.
811111111111111111,111.

1111111111 51511111, 155,155.

1111111111 bretton, 111.

8111111111 Borgier, 155,157.

1111111111 51111111 11 Gorseu, 1.

8111111111 cordesius, 11111111111111111,11. ·
111111110111111111, capellanus perpetuus, 55.

5111111111 cucullati, clericus, 15.
8111111111 (1111111, 111.
811111111111111,111111,15. .
1111111111 cinies, 111.

5111111111 crassus, 111.
511111111111111111,57.
11111111111151111, 11.
111111111111111, 11.

Scaurus blorrou, 111.

5111111111 Oriens, clsls bugd, 11, 155, 115.
1111111111 Parentis, 1, 151.
81111111111111111, 11.

8111111111 Pinguis, esntor, 15.

1111111111 Poysst, 11.

8111111111 Prepositi, 111.
111111111111111,1111111111. ,
1111111111 linco, titi,

, 811111111111111,115.
8111111111111111111,51.

8111111111 1111111111, nepus l’ltilibertl 1., 115.
8111111111 1111, 11.

1111111111111111, 11111111.

8111111111 11511111, 55.

ernstius deBuxeris, nrilcs, 155.
81111111 11 11111111, archipresbiter 1111, 111.
ι1111111111111 cundiucu, archidiseonus, 175.

8111111111 11 csndinco, csuunieus bugd, 111,
155.

5111111111 11 chundiaoo, canonicus, 51, 51, tlt.

8111111111 11 cbandien, eanonicus, 15.

5111111111 11 Clesucutis, nuiles, ct.

1111111111 11 Colonberes vel columber, 11, 111.

5111111111 11 curtili, 111.

811111111111111111, 151, 1117.

1111111111 11 11111111111111111111, 111.

1111111111 11 Genese, 111.

8111111111 11 Jueu, 111.

8111111111 11 111111, 5.

8111111111 11 leymens, tbespuraslus, 1.

8111111111 11111111, 111.

5111111111 de Lisclsco, 175.

8111111111 1111111111, 111. .

1111111111 1151111111, 1111111111111, 51. ,

5111111111 111111111111 blaniaco, esuouicus et
111111, 11, 11. ,

11111111 dc lleuuny, 111111, 11 .

“ 8111111111111111111,111.

1111111111 11 1111111111, 115.

¹ Srnrnstsns 11 Pomer, sueerdos, tt.
Srnrnsuusdelioelrclort, 15. ,
5111111111111111111111111, 11111111.

5111111111 11 liupo cess, sacerdos 1111111111, 15.
5111111111 118.... genuculo, 115.

8111111111 11 8111111111, 115.

5111111111 118. 1111111111111111, 151.

8111111111 11 8. 8111111111, 157.

811111111111. Vistors, 1111111111111111, 1.
1111111111 11 81111111,1111111111111111111 de 1.,

1111111111 de Sandrsns, 157, 115.

5111111111 11 5111111111, sacerdos de liunbersolt,
71.

8111111111 1151111111, discursus, 11.
5111111111111111111, 51. ’

1111111111 11 birriaco, 5.

1111111111 ds Vullibus, 111111 culcburdi de 1., o.
1111111111 11 vallibus, 1111111111 1111111, 51.

1111111111 1111111, 155.
8111111111 11 1111111111, 111111, 51.

, 111111111111111111,11.

8111111111 11 111111, nuiles, 11.

1111111111 de villars, 5.

11111111, lutcus, 51.

111111 (11111111 8. linrtiui de), 51117, 111. ’
51111, 51.

Sontas (111111 spud), 155.

811111 lo Bono, 115. -

8111111, presbiter, 151.

 

