111 , 11111 11111111

111111111111111111,111. , 11111111111111111111111111, 11.
11111111111111111111,11111111111111,117. 11111,11111111111111111111,111,171.
1111111111,11111111111, 11. 11111111 (1111111),11.

11111111 1111111111. 111111111111.

1111111111 1. 1111111117.

111111 (11111 11), 111. 1111111111, bn· 1111111, 11111111 11 cu
111111(1711111111111),111. ullum-ma, 71.
111111(1111111111111),11. 111111 (11111111),1.

111111 (11111 111),111. 111111 1111111 (111111111, 11111111),11,11,117
·111111(111111111),11. . 111,111,111,111,111,111,111,111,111.
111,1111 11 Golden-hwa 111 11 111. 111111111111111111111(111111111),111,111

11111, 71. 1111111111(1111111)’,111,111.
11111111111 111111111. 11111(1111111111 11),111.

11111, 111111111, 111. 1111 ((1111) (1. 111111 11),11.
11111111, 111. 1111111 1111111111, 1111111111 1),11, 111,

11111111111111111111111, 111. , 111.

“ 1111,11. 111111111111111,11. ,
1111111111, 1111111111. mmmmm, 177.
111-11111(1),11. bnon (1111 11),11’7. . ’
1111,111. hm (1111111 11), 11.

1111, 1111111111111111111111, 17. 111(11,1111111),1.

lua (pm 11 111),117. 11111, 171.

lumem 1), 111. ’ 1111111111111111111111, 111.
maalath-numm. 1111111111111111111.
111,1111.1ι1111111111111111.,11. mmmm. 11-
. luo. “mlh “- ι
1111111111, 11111, 111. 1 ·
11111111111111111, 71. 111111,11111,11.
11111111, 111111(1111111111111),111. 111111,111111111111111111,11.
mmmm 11. . Ιτιιι,11111111111111111,111.
1111111111111111,111. lma, 1111111111.
111ι11111,11111111,111. 111111,11·111111111,1.
11111111111111,11,11. lm, μ11111,11,111,111. ·
1111111111, 11111111, 11.

. J

1.,1111111111111111111111,111. 1111111111111111111111.
11111111(1111111),111. 111111 1111111, 11111111 11 1111111 1111111111,
sm, 111111, 11. 111. ·
111111,1111111111111111111111111,ύ11,111. 11111111111111,111. ”

sm, 11. mamm. 111.

uum 11 1111111, mm 1111, 11, 111. 1111111111 11111.

 

