271 11111 11111111

1111110 (0010111101), 88.

1111, tu.

111111101111110111, 110.

1001111111, 118.

10011111, 1110101101 S. Stephani, 100.
1001101110101111, 11.

1101101, 111111, 01.

1001101, 10001111101, 01.

11111101 (parrochie de), 11.

111101 (0111110011) (11111111.
111111, liutius, tt,5t,t02. ’
11111101, 11111118. 1111001111, llll.
11111101, 110101101, 10.

11111101, 110111111 0101 1111111, tt.
111111011011118. Crucis, 11,

Ι 11111101,Ι11111,18,111. .
1111111, (tenellus, 111111101 11111111, 118.
1111101111 (hominesne), illl.
111111111111, 100.

1111111, 0111101, 110.

1101111101, 00. .
111111111101111101111, 21. '
111111111101, 11000110111111101111, 100.
111001101101, 01511111, 111.

11111101, presbiter, 01.

11111101, subdiaconus, 102Ι

11011101, Stephanus, 18.

111111 01 1101011111, tlt.

11001 111111, 110.

1111, 8110111001, presbiter, 10.
11111101, conversus sttvae 1110101111, 11.
111110101οο lengey, 80.

11111, (luigo, 181.

1111111111111101, ttu,tttl.

. 111111, 1111111100131, 110011111,1,177.
1111111, 111111, 10.

1111110111, luminu, 21,111.

1111110001, 107.

1110111, 8.

11111111 (11111010 01),100.

,1101111111 (11111 111 11111111 01), 111,187,111,

808310.
1101111111 (8. 01011101 in), 117.
11111111 (tenementum 0),111.
1111111111 1110111101), 11111101, 118.

110111101, ebbae, tu.

111, 01111001, punctulus, 10.
1111101, (11111001, 11.

’ 1111111, 1001111, 11.

11111, 107.
1111101011111111, 111.

1111001, luleus, 11.

11111111, 1001111, 11111001, 00.

. 11111101, 177.

1111111111011111101, te.

111111010011011101, 1111118.

11111101, 150.

11111101, 111101, 1.

11111101, levite, 00,107.

11111101, magistet· puerorum, tt.

11111101111111110111111111, 18.

11111001,11111οο1 11 1011111111, 10.

111111010101111111, 01111101, 100.

11111101, 1111111107.

11111101, Unguium, 170.

1111011, 111101,117,108.

11111011, 181.

11110011, 1111111101, 101101.

11110111, 111101, nt.

11110101, 11011111101, 187.

11110101 01011101 111 001101, 1101111101, 108,
ill.

1111101101 811101, 100.

111110101111101, 01.

11101101, 01111101, 02. ’

11101101 0111111, 01.

11110101, 1111111101110300110111, 71.

11110101, 110111, 101111.

11100101, nepus willelmi 01 01110111, 180.

11100101 01 1111011111, 01110011111111011, 111. Δ

11101101, nepte 1111001 01 1111001111, 011111.
110. -

11101101 01 colonges, 117.

. 1110110101011111111110111, 100.
’ 1110111101, 110.

1111011111, abbae 110111111111, 10.

1110111101, 111011 (8111011010111), 27.

1111011111, 011110110100011111, tt.

Autumnus, etnunieut Lugdunensis, 101.

1110111101, 110111101 1030111101 1111111110111. .
0100111111111 01 011101111011101, ttulit, .
111111. ι

11101101, 111111, 101.

1111011101, 111101, 7.

1110111101, 011111, 1100.

111011101011101111, 110.

1111011001 (de colongiis), 0111001 lugdunensis,
111111.

1110110010101100111,011111, 111.

1110111111 01 110111111111101111, 11.

1110111101 0111 Cim, ttt.

110111, 118.

1101111, 1111111111, 01. .

110111, (luido, 101111, 101.

 

