bes Nobis DE PERSONNES E'i 777 LIEUX.

81111111 (8110711001 01),11.

811101(10117171), 107.

’81111111 (0111017171 01),170.

Sensus, Petrus, 707.

8111101111, 17.

8111111 (0117111701 01), 00.

’ 811111, 01010011007 0107101, 701.

8111111, 11070117.

811111 (0111111 01), 111.

8110111, Gwigo, 107711, 71.

81011011 (01111701) (1117117101), 110.

8101111111, 117101, 87.

81111111, 71710, 110.

811111, 0717001, miles, 111. 1

81111111,117101, 110.

811111, Rufus, 707.

8111111001, 171011, 11.

8111101111,111. ’

81111111111,111711,00.

81111 (1001111101, eorumeorurn), 107170, 701,
mmtm.

81111010007111 (001001), 71, 17, 71, 81, 701.

811111111, presbiter, 11, 117.

8111111111, Philippus, 01.

811110, 110007001, 10.

811110 01711011, 101.

8111101 0113101710, 17.

8111111, 1111007101, 10.

8111111, 07100001, 10, 111.

8111111, 001010171107110001, 110.

, 8111111, 717101, 71, 107.

8111111, presbiter, 111.

8111111, sacerdos, 11.

8111111, 1110010011, 70.

81110 017710 77010, 111.

811101οΙ701 81100107 011017 01 tiones, 1.,

811101, 0101111701, 710.

81100 0117111111, 111711 1111011018. 8110711οΙ, 70..
’ 8111, 7007011107.

81111, 70010011 071101, 0071110100, 771.

81110 (71000111 01), 110.

81111110 (1011117101), 01, 10.

8111111111, 07110001, 10.

8111111111, presbiter, 100..

81111007ομ 01), seiles, 717. .
81111111781111110010710171, 1101171001),70,170,.

mmmm

81111100 (8110771001 11), 0.
8111111010100. ·
8111111 (1117117101),10.

8010, 07110011, 11.
“ 11111,11111(1101011),.1,,11, 107.

80111011,100.

801111111οο breones, 10180, 110.
80111101, 1101071οι 8. Petili, 00.
8011111101 8. 80107170, 00.

80111011, 110. ’
8011111111,100. .

8011111, 107, 101.

801111111 (1711111 01),17.

8011001 (0007171001 de), 771, 771.
80100101, suono, 170.

801111 (7101171110, 001 01), 11.

801 (17111 qus vocentur de), 110.
8111001101, 111.

8111011111 (0110101 70), 70.

81111111, 17117101, 17.

81111111, presbiter, 11.

8111111101, 7101701, 7, 10, 00, 111.

smnus, 1117111 iohannis dieti 87111, 00.
81111111117771071, 77.

8111111οι111 debaro, 117.

81111111111 7771710071, ’117.

81011111 (1711171 besti), 710.

8111111111,11.

8111111111, ebbes 8117071011111, 00. Ι
8111111001,1717111 11000001 S. 711170 Cisteroii, 10.
8111111101, 10111111, 00, 107.
8111111111,11171177110001, 110. ·
8111111111, 110007101, 10, 17, 71, 10, 77, 110.
8111111111, 1100071118. 81100117, 107.
8111111101, 1100117101 8. 71101711.
811111101011711111701, 101.
8111111111,17117101,18,70, 10, 01, 111, 111.
8111117101, 101111101 8. 81707177, 10.
8111111101, 0101001, 100, 100.
010111110111011,11, 70.

8111111111, 07110001 11 precentor, 07.
8111111111, episeopus 00010171, 10.
8111111111, 07101 011010171,770.
8111117111, 111111 7110110177 de iserone, 700.

8111111011, 111111 7011111001, 1111100111 11001-
ebus, 71.

811111110711101, 11,11,77, 10, 170110, 111.
8111111101, 111711,111. ·
8111111111,οΙ111, 0, 07, 101.

8111111111, 0100101101, 70.

81011110οη000101, 117.

8111111101, presbiter, 10, 00.

8111111101, presbiter, 1017 istud 001111οΜ7010.
1111711171, 111.

smum, 01111101 s. 11010, 101, 111, 111.
8111111101, prior 01 istie 011011, 7.,

8111111111,01101711]01111,7.

 

