· 777 77777 77777777

1777777777(7777777717π7777 77), 777.

1777777777, 777.

1777777771 1777777 (neruo 77), 77.

1777, 777.

17777777 (77. 77), 7777777777 7777, 777.

1777777777777777777), 777.

17777777, 7.

17777 777 177777, 7771777777, 7777777777 77 7777-
777777, 77, 777, 777.

Hom, 7777777, 777.

1777777, 7777717777, 777.

17777771777777777, 77.

177777, 0717777777, 77777777777 [77777777.

17777777 (7777777777 77), 777.

777 171177 77 17777 77777, 777.
7777777, 77.

77777777 (0777777777 77), 77777777, 777.
7777777, uxor 71777777777777, 77.
7777777777 77 17777, 777, 777.
77777777, 7777777, 77.

77777777 (77777 S, 7777777777 77), 777.
777777777 (archipresbiter 77), 777.
77777777 (77717777 77), 777.

7777777 (77777777 77), 777.

777777777 (771777, 7771771777), 77, 77,777,777,777.
77777777777777777, 777.

m, mim, “¹0

777777 (7777777777 77), 777.

Unum (77777777 77), 777.

7777777777, 777, 777, 777.

0.,77777177777, 7777777777) 7777777, 777771, 777.
07777, 7777777777, 777777· 77711777707777777117, 777.

07777, 7777777777 Alveria, 777.

07777, 77777777, 77.

07777, 7777777777777, 77.

077, 777 7777777777 77 7777777777, 7, 77, 777, 777.Ι
077, 7777777777 77 77777777, 77.

077 1777777777, 77.

0777777, 77777777, 77.

07777777, 777777, 77777 777777, 777.

7777777777 (7777777 77), 77, 77.
77777777, 7777.

1777777777, 777. -
77777777 magoda), 777777 777, 777.
177777177777777, 777717771771777777, 77.
177777, Stephanus, 777.
177777(7777777777 77), 77.
17777777, 7777771777, 777.

1777777, 8777777777, 77.

7777777, 7777777777, 77.

11777 (pumen 77), 777.
177777777 (77777177 77), 777.
17777 (77 lom), 77.

17777, Pam, 777..

7777777777 (7777777777 que 77177777), 777.
7777777777, presbiter, 77.,

77777777 (ulum 77777), 77, 777.
77777717777(Ρ77777777), 707.
1777777777.

77777777, 777.

“ 777777 (77777777 S. 1777777 77), 777.

777777, 7777777, 77.Ι

7777777777, 77.

7777777777, 87, 777.

7777777777 (177777 77), 77.

7777777777 777 Noun (777777 77),, 77, 777, 777,
Qmmmmm.

Namusam (777777 77777777), 777. ”

Num (S. 17777777 77), 777.

77777777 (77777777 77), 777.

07777777, achiepiscopus 7777777777, 77.

07777777, 777777· W. 7777777777, 777.

0777777, 77777 777777777777, 777.

0777777, 71777 0771777777 77 77777777, 777.

0777777 Bovis, 777777, 777.

0777777 77 77777777, 777.

0777777 77 87777777.

0777777 777 floreum 77 Suu, 77777777777 77
7777777777, 777.

07777, 777.

 

