11Εὸ Nolis DE 11118οΝ1115 ET 1111 nlnox.

1111111111111117. 11111111, 1111111111, 177.
11111. 111., 111. 1111111111 111111, 1111111111, 1.
1111111111, 1111111111111, cononicus Lugii„ 111. 111111111111111, 111.
111111111111111111111111,11111111, 11, 11. 111111111111111,11111 willelmi, 111.
111111111, (1111111111, olorinus, 11, 111. 1101111111 (1101111111) 0111111111, 71, 71.
11111111111111111111, 111), 111, 1111111111 (1111111111, 117.
liminius, 111111, 11, Ι 111111111 sle liupps, capellanus perusinus, 111.
1111111111, 11111 slqus 1111111111 lugo 1111, 11111111118.(1111111,111.
111. 111111111 dolosius, 1111111, 11, 71, 111.
1111111111, prepositus, 71. 11111111111 (W. ds), 187.
1111111111, pussillos, 1. 1011111111.
limum, 1111111111, 111, 1111111111 (1111111111), hospilnlssius, 1111.
limma, 111111, 11, 11111111111 (1111111111111), 11111, llis.
1111111111,11. 11111111111111(1’111111111), 177.
11111111, 111111111111111111111, 111. 1111111111 (castrum), 111, 181.
· ’ 111111,111111111, 11. 11111111, 1111111111, 111.
· 111111 11111111,111111111,117. ι 111111111111,111.
Ilico, 11. 1111111111, l.
11111, dissonus, 1111. 1111111111(111111111111111111), 111.
1111111111, presbiter, 118. 1111111111(8111111111111), 11.
111111111111 1111111, 11111111, 11, 71, 117, 111. 11111111111111111111111111, 1, ll.
ilicium, 1111111111, 11111111, o, 111,·111 111111111111111111111111),11111111. 1. ·
11111111-11-111111,11, liocussussis (1111 ds), sardinii-urnasque 111
1111111111 (1111111111 de), 11. 1111111111, 11.
1111111, (1111111111, sacerdos, 11. 111111 ((11111111 111 11), 1111171.
1111111(1111111 ds), 1. 11111111111 (1111111 1111171, 181. ’
· . 11111111(11111111111), ’111. 1111111111(1111111111), 111, 118.
11111111, 111. , 1111111111(11111111), 11.

. 11111111(1111111111111),81. , 1111111111(1”1111111),111111111111111111111111,
11111111(11111111111111), 111. 11, lon.
1111111111·(111γ1111111111),11111111111,1,117. 1111111111 (1111111111 de), 1111111111 el 111111, 11,

. 1111111111(111111111),1,11. 111.

1111111111,1,15, 15, 111. 1111111111(1’111·11111), 111111, 111.
1111111111 (1113111111), 115. 1111111111 (1111111111), 71.

Russus (1111(111111111. 1111111111), 1118· 1111111111, 1111111111, -111111111111111, 1, oo, 71,
11111 (111111 111 illisionis (11111, vinonio), 1,11. 711,111,111.

111. 1111111111 (1111111111), 111.
11111111, 1151 1111111111,11111111111111, 111.
11111111(111ο111),15. 11111111 (pons), 1, oo, 111, 117, 111, 117, 111,
11111111111111111),11111,111. 1111111111, 1111111, 111, 111, 111, 111,
1111111111(11111111111),111,111. 111, 111, 111, 111, 111 (1. 11111111 1111, 11 “
11111111 (1111111111),111. 1111111111, 1111111).
11111111(1111111 ds), 11. Ι 11111111(1ο11111), 11.
1111111111(1111·1111), 111. · 11111111,11111111,11, 1111111, 111, 111, 111, =
1111111111(1“111111·1111111),1111111111111111, 7. , 1111, 171, 111111, 111, 1111,
111111111(1111111111111111), 1111111111, 111. 1111111111(111111111 Pollioni), 111. .
1111111111(1111111111111),1111111111, 11. 1111111111((1111111111 ds), 1111111111 Lugii„ 111,
1111111 1111 1, 11111(1’111111311,,1. 111.
1111111111, archiepiscopus Lugdunensis, 1,11,117, 1111111111 (11111111), 111.

111, 117, 111, 111. 1111111111, 111, 117.
1111111111, 11111111, il. 11111, 1.
11111111, 1111111111,11·1. 11111111111111, 11.

39* .

 

