111 ¹

0111111111101011101,1111111111 111011, 112.
011111,100.

Pur... 1101111111101), 111111, 10.

’ 01111 (0111111 1110 S. 0111111111),0, 107.
0111111 (1111111111 01 11), 102.

011111, 01011, 210.

0111111111, 011111, 01.

οη111 (terre 01), 11110 01101111111, 11.
011111,100.

011 (111011), 11.

0111111, 111111, 101.

01111 (1101111101),1111111111, 01, 101.
0111111111 (01111101), 1111111111 11111111 11111-

0101000511101111101),111111111111111111, 10.

01111 1011111, 170.

01111111111(11111111), 111,100.

01111 (1111111, repelle 01111), 0, 01.
0111111111, 111111111111110101111111, 10.
0111111111,1111111,00, 00.

0111111111, 1111111111οοιί 0111211.
0111111111, 11111011111101 0111111,Ι 00.
0111111111, 1111 0111111111 01 0111111101.
111111, 11, 11, 111, 111,111.

011111, 111111111111110110111111107, 111. -

011111, 111111111111111, 12, 01.

011111, 11101111101111011111111, 101.

011111,111111111, 20, 02,110, 111.

011111,111111111 1101111 S. 0111111, 10.

011111, 1111111110111.

011111, 11111111, 01.

011111,111111111 01111111, 11, 110.

011111, 01111111,110, 101, 107.

011111, 01111111, 00, 1010.

011111, 011111 0111111111, 207.

011111,011111111111111,111111 S. 011111, 110.

011111, 0111111111 1111111111, 10.

οπ111, 1111111111 0111111110, 100.

0111100111110111111110111, 11111111, 11. ·

011111, 111111 011011100011111 hurd„ 220.

011111,1111110111111101 0101111, 100,’100.

011111, 111111· 01111111ιί 0110101.

011111, 1111111111 010111111111, 111111 1111111111
01 1111111, 210.

011111, 111111011111111, 11.

011111, 111111,10, 10, 10,11,11,10, 01, 111.

011111, 1111111111111111, 00.

011111,111111, 110.

011111, 1111111101111111 1111111111, 00.

011111, magister, 111, 101, 100.

11111 11101111

011111, 1111111111, 111,101, 101, 101.
011111, presbiter, 10.

011111, 1111110. 111111 01 lege 011, 00.
0111111, 111111111101111111, 0.

011111, 111111 11111111 01 0011111, 110.
011111, 11111011, 0, 10, 00. ‘
011111, 11111011 11 1111110. 011111, 00, 101.
011111, 111110111111111111110111110. 11111, 10.
011111, 11111111111 1111111111, 100.
011111,111101111111, 101.

011111, 11001111111 11111111111, 101.
011111 0011111111, 100.
011111011111111,111101111, 01.
0111110101111111, 100.

011111 0111101, 1111111, 107, 100.
011111011111, 100, 110.

· 01111101111111, 101.

011111 0111110, 111ςί1111 1111111111, 110171.
011111 011111110110.

011111010111111111, 1111111110111, 1111111111
1111111,00,100. ,

0111110111111, 000.

0111110111101, 11,’110.

0111110111101, 1111111111, 201.

0111110111101, 111111, 110, 101.

0111110111101, 0111111, 0, 11, 11, 17, 111, 111,
110. . .

0111110011101,ι111111111,0,11, 11, 011.

011111011111, 201.

011111 0111111, 10.

011111011111, 01.

011111 01111111, 111111, 100.

0111110110111, 00.

011111 011111111, 100.

01111100111111, 101.

011111 0111111111, 111111, 110.

0111110011111111, 100,

01111101101111, 1111111111 01111111111111111111-
1111111,100.

0111110111, 111.

011111 rur, 101.

0111110111101, 101.

01111101111, 111.

0111110111111101,110.

0111110111,’οο111111111,111. . .

0111111111111 0101111, 11111011, 10.

01111111111, 02.

0111110111111111, 1111111111 perpetuus, 00.

011111 11111 011111, 00.

011111 011111, 110.

1 0111110111111, 200.

011111, 011111111111 1111111111, 22. ,
⁵ 01111100111111, legun 011111, 100.

011111, 111111111111111011111111111, 10.

 

