11 mmwmmr

8. 8111111(1111111),11,111. ι 81111111, (1111111111, 11.
8. 81111111 (1111111), 111, 71,111. 8111111, 8111111111, 1111111111, 111.
8. 8111111111111111 (1111111111), 111. 811111, 11111, 111.

S. 81111111 11011111 111 dr (1111111111), 11, 8111111111(1111111111), 111.
111. 811111 (1111111111 (11), 11.

S. 8111111111111111(11111),11. summum (1111111), 11,11, 111, 111. (1. 1111- .
8. 8111111111111111111111111111), 111. nardus, 11311111111111111, Stephanus).
S. 81111111 (11111, 11111111),1, 11, 11, 11, 11, 8111111111111111 8111111111 (11111111, 11111111),11,
111111ω1ω. rmmmmmm
S. 81111111 (11111111, 111111), 71. 811111111111111111111111(1111111111), 111.
S. 81111111(811111111111),11. , 8111111111 (8111111111 11), 11111111 111 11111111-
S. 81111ο11111 (11111), 11, 71. 1111, 711. ι
8.81111111111(111., rufior), 111. 8111111, 111111, 17111, 11,11,111.
S. Τ11111111(111111111),111111, 111. 811111 (1111111 11, comte 11), 111.
s. 111111 11111111 (1111111), 111111. 811111 (1111111111), 111.
8. 11111111111111111111 111 11111111 (11111111), ' 811111 (eomes), 111. ·
11, 11, 77, 7111, 117,111, 111, 111, 111. 8111111111, 11.
s. 1111111111111111 111111 1111111 (domus), 11, 81111111, 1111111111, 1111181111111,71.
111, 1111, 111, 111, 111, 111, 211. 81111111, piscem, 111.
8. 111111 (111111, 1111111111), 11, 11, 111, 111, 8111111 (Engo 11), (1. 81111111), 11.
117. 8111111111 11111111, 11.
S. 1111111 (8111111111 111111111111 11), 7. 8111111,111111·1111,- 11, 111.
S. 1111111111 (1111111), 11. 8111111 (Ilugo, 1111111111), 11.
1111111111 (8111, 1111111), 117. 81111111, 1111111111, 11.
S. 1111111111,117. 811111111111111), 11, 111, 111. ”
1111111 (11111111), 11, 1111, 111. 8111111 111111, 111, 111.
8111111 (1111111111),111. 81111(111111111),1111111111 111111, 111.
81111111, 111111, 11. Sunt (11111111 dr), 11, 11.
81111111111111111),1. 8111111, 11111111, 111.
81111111(111111 11),111. 8111111111 111 8111111111 (11111111 111, 111, 111.
81111111 (1111111111 (11), 11. 81111111(8111111111 11), diaeonus, 11.
81111111 (1111111111 11), 11111111, 17. 81111 (11111111 11), 11.
8111111111 111 8111111111 (11111111 11), 11, 111. 81111 (111111111111), 111.
81111111111 8111111111 (11111111 11), 111. 81111111 111111 111 1111111, 117.
81111111 (1111111111 111), archipresbiter, 111. , 8111 (1111111, 11111111),111.
81111111 (8111111111 111), 117, 111. 81110111111(1111111), 111.
1111111111111111111),111. 8111111 crnibus (11111 11), 1111111111, 11.
8111111(81111111111111111 111 111175. 8111111111, 11111111, 11.
8111111111, 8111111111. 81111111 111 811111 (1111111111, vinee 111), 177,
8111111111(1111111)(1.111111111,11111),1’1,11. 111.
8111111 (111111 111111, Sumo (Philippur de), 11.
811111111111111, 11. 8111111111(8111111111 111), 1111ιί111 bugd„ ⁸
811111 (1111111111 11), 1111111111 8. 11111, 11,, 111.
811111(111111118.111111111111),17. 811111111111111111, 1711.
8111(11111111),11111118.11111,111, 81111111 811111 (11111111 11), 1, 117, 111.
, 81111111(11111111111), 1111111111 11111 111., 111. 8111 (11111111 11), 111.

811111111(1111111111),111. 81111111 (lingo 11),111111111111 (1. suerrus),
1111111 (1.11), 1111111 cumr, 111. 171. ’

8111111111(8111111·111 11), 1111111111 huzd„ 111. 811111 (1111111111 11), 1111111111, 11.
81111111(11111), 11111111, 111. Α 8111111111(1111111),11.
8111111111,111111111,111, 81111111111111111111.
81111111,111, 117. 8111111, 111111, 11.

 

