010 ⁵ 00000 01010000

1000000000, presbiter, 10.
1100000000, presbiter, 110.

11000000, 22.

110000001101000, 100.

10000000 10 00010000, 110.
1100000000, 00011001000000, tt.
1100000000, presbiter, 110.
1100000000, 0000010010.

bosserre (100000 10 1001100 101200.
Ι1100000 (010001010), tte.

Ι 110000 (11000 10), 20.

1100000 10100010, 10, 71.

1100000000 1010010, 110.

1100000000, 100100 100111 1101010001, 110.

1100000000, 101000, 11.

1100001000, 00000100 01 0000010οι, 00.

1100010000 10 110110 10110, 17.

bosseret 10 100100, rt.

1100000, 201.

1100000000 vitriis, 117.

1100000000, 0000010000, 0.

bostrenus, isieue,ib. ,

11000000, 0010011000 S. Petri 1001, 177.

1100000000, presbiter, tt.

1100το Velie (10100000 10), 27.

1100000οι (decime 10), 200.

1100000 (00010), 07.

nosses-(cecinit), 107.

110000000111010000, 011000 S· 000001100110 1100·
0011, 110.

11000οι, 1100000100, 00100 00001001οΙ10 10010000
1001100ωο0ιο 1011000010, 110.

11000000,100.

11000000 (0100100010), 20. ’

110000000001001001000 1000000100), 117, 100, tte.

1100000000 (1111100001000000100), 100.

1100000 (0011100000,0110),00.

11000000, 100110, 70.

11000000, 000010100110.

11000000, 0000001000, 00.

1100000010(10010010), 101.

110100000οι (00010010 10), 00.

1100000000(100010010), 121.

1100000 (1000010), 111.

11000, 00000101011000001, 00.

110000010(110000100 10), 117.

1100000 (1110000100 10), 0.

1000000000, 0000101100, 01.

nemore (110100 de), 0001111000000, stt.

Rostmott (Aristides 010), 210.

1100000000, 10100100, 1001001010011 10 R, 110.

11000000001000100010), 201. “

1100000000 (10100100 10), 10, 211. ’

1100000000,10100100,10001000 10 1100011100 01 de
itirirets, 220.

1100000000 (0010010),0001111000000 1001, 000.

1100000000, 0001111000οω, 171. ’

1100000000 1011100011, 0000110000,100.
11000οι00 (retardemur. ·

. 1100000000, 000001000, 20.

1100000000, 10000000, 110.

1100000000, 00000100 cernentem, 111.
1100000000 (1001001001, 00010111οω000, 20.
1100001000, presbiter, 111.

1100000000, 101000, 70.

, 1100001000, 000001ου0, 10.

1100000000, 00000100 01 000001000, st.

1100000000, 0101000 S. 10011, 110.

1100000000000001000, 107.

1100000000, precentor, tt.

iiorstnts, isterius, 0.

1100000000,101000, 100.

1100000οτ00, mites, 100.

0000000000, 0000101100, 110.

10000000010100100, 10.

11000000, femine, 101.

1100000000, 11000000, 110.

1100000000, presbiter, 110.

1100000000, 00111000000, 10.

110000000οο (1110001 10), 10, 100.

1100000ιο (10101100 10), 11.

11000100000001010), 111. ’

11000000(11001100100000010), 021.

110000010οη (010001011. 1., 000111000000001-
eonem), 00.

1100000000, 01000100, 101.

1100000, 0100100000, 00000100, 01.

1100000(0011010001),0000010001001,101.

1100000ιο (0001001001010), 117. ·

11000 (tinet 10), 101. ,

11000οτ0 (0011101000), 0000010000 1001, 000.

1100010100100000, 100.

1100000, 101010001οι 0111000, 101.

1100000, 0011101000, 00000ίο00 0100000100, 111.

berrue, 101000, 100100 (1011101001 11., 101.

100000, 101000, 00010100 puerorum, 111.

1100000,Μο00100, 0000011111010011., 100.

1100000,11111010000, 101.

lieri, 10000100, 0000001000, 0.

beses, 00111οΙ0000, ¹. 71.

bures, 10000100, 100.

110000,111101000,101000, 10.

110000 010000, 001.

· 11000000 (memus 00), 101.

 

