' 190 0111101011111

1011011010110011, 01110 Lugdunensis, llll.
10010010 00000010, 111,

10011010 0101011, 0100111000000001001,00.
10010110 00001101, thesaurarius 11001, llll.
10010110 000101, 00.

10010110 01011, 10. ’

10010110 0111100101, 100.

10110011 (1001001, 107,

10010000 0011010100.

10011010 luber, 107, 100.

10110011 0110100010, 110.

1011111010 Siue, phisicus, 00,111.
1011101000101111, 001100 S. Crucis, 11, 00,
10011010 01001, 70.

10111010 010110.

10010110 0000011, 01001000, 117.

10010011 0101110011, 0111111001, 100,
10010010 110111, 11000100, 07.

10010100 1110110 10 01010, 117.

10010110 00011101, 117.

10110010 ’10010 10 000100, 110.

- 10110010 willelmi, 100.

1001001010 1111110001101011. Pnullllll. .
1011001010110110001100, 01011001οἰ01 1001, 00.
1001001110101000, 1001110000001000001001,111,
10111111 10 00111000, 0000111100, 110, ’ -
10111011 10 0011111, 100

10010010 10 1111100010, 00.

1011101010 00100000, 107.

10010011 10 131010111οὶ0, 00001011, 00.

10011110 10 (101101, 107.

10010010 10 001000,11000100, 115.

10010110 10 00000110, 100.

1011001010 100110100010011001, 100.
1001111010001001111000, 107.

1001101010 0000, 1101100 0010010011, 101.

100100111011001000, 0000111100 10 duodecim, 110.
10010010101101, 010001001 10 0001001001 100111-

000111000 0001010001, 00.

10111010 10 111οἰ1000, 0100011000 110011000100010,
1011.

100110101011 0000111, 101.

10011011 10 11001100, 100.

10010010 10110, legum 100100, 00.

10010000 101000100000, 10.λ

10010010 1011111101, 0100010000. Pauli 1001,
llll.

101110010101100 10 S. 0010010, 107.

“ 1001011010110000, 0111011000 0011, 101.

1001100010111011100, 1001001 lagu, 10.
10011110 10 1111101100, 0100111001, m. ·
101100101011111101100, 01000100, 00.
1001011110110011001100, 010001000, ll. · ·
10010010 10 1100111000, 107.

10010111 10 011010, 0111001001, 01,

, 10011011 10 Pollu, presbiter, 01, 100.

10010111 10 Pluvia, 70.

1001001010 S. 11000000, 100.

10010011 10 S. Paulo, 10.

10011010 10 00001000, 11011111000101100001, 100.

100101111011000111, 0100010010001, 111, lu.

1011011010 11001, 0101101111 1111000101 Sllve
0010110071, ’

10011111 10 110010, 100,100. , ’

101100101, 1001101. 70, 110.

100111101, 0100101000 0000011, 101.

1001111000, 110.

10111, 00100 10 010010 100110, 01.

100111 1110111. ,

100111 10 01100, 001101, 11001100, 01.

1011100, 10.

10111 (01111 11), 110,

1000 (0110000 10), 110.

1111010111. ullu, 101, 111.

10111010 10110110 1000110, ll.

munnulus, 0100101100 11100010.

10001100, 0001000011110011, 100.’

, 10111100, 01100 S. llario 101000 001, 110.

1000101οο01 10000111, 0111001000, 00.

100 1011011 (6111100000 10), 0000οῑ001, 00.

100101, 0010000, ll.

1010 (0100010οι 10), 101.

101010 (10001 10), 117.

1000 (00010011 S. 010000001110),100.

10001101 (101001 10), 00, 70, 01, 1110101, 101,
m.

1011101,1001101, ll.

1011111, 0111 Petri 10 1111111111, 7.

1011101, 1010010, 00110100,100.

10111οι (00101011), 100.

101110111100000100, 0100111000 0000000111.

101100 (00010111 10), 107.

1011110 (000Ιο111110), 100.

101010 (100101, 00010010010)1011010010. 101-
0110,01,101,101,001, 100, m, 010, 001. ¹

100001, 0001111100, 00, 07. ,

 

