DES Nobis 111 1111180111ῑὲ 111 DE ttttux.

Suarrctt, 1111111 11611111 dn Pinet, 10.

Suae (berardus 11), canonieus bugd, 111.

Suu, Beraudus, 1111111118111111111, 111.

Sura (Guige 11),111111, 100, 111.

8111,ῦ1111111111,11111111111111 bugd„ 11, 88.

8111 (011111111111), 111111, 71.

8111 (notgerius 11), 1111111111111111111111,
tto.

8111 (ogerius 1110111111111), 111, 181.

Susarri, 11111111, 21.

Srcaaeaus, subdlnecnus, 10.

8111111111,111111, 11111 bugd, tus.

111111 (decime, 11111111, 111111111), 0, 11, 71,
ηηηηηηωωωη

111111 (1111111111111), miles, et.

111111 (1111111111),111111, 10, 71, 71, ste.

111111 (1111111111 11), 71.

111111(1111111111111), 18.

111111, vuillelmus, portitor refectorii, 11.

11111111 (territorium vocaturn 11), 117.

111111, willelmus, 117.

11111111111111),1111111111111 11111111, saecr-
111 1111111111, 111.

Tanau (Guide de), senescalcus 11111, 11, 118,
181. .

111111 (lingo 11), canonicus bugd, 101, 181,
111, 111.

111111 (teau de), arebeseque 11 upon, 110.

111111 (11111111 11), 110.

Tantae (Petrus 11), 117.

1111111, 101.

1111111111, subdiaconus, 110.

1111111111,111111, 110. ,

11111111 11111 (1111111), canonicus et subdiaco-
111, 11,101.

11111(11111111 11 1.,1111111111, 11 (1111111111
111, 111111111), 111,

111111 (1111111111), 101.

111111(1111111111111), 111, 111, 111.

11111111 (11111111), 51, 101, 111, 111, 111, 110,
117.

11111111(11111’11111), 111.

111111 1111111111111), 111.

111111 (1111111111), 10, 71. ,

111111 (11111, 1111111111 11), 11, 111.

1111111, sacerdes 111111111111111111111111, 11.

8111111, 118.

111111 111111111, 1111111111 11111.,111.

811111 Palapn, 117.

8111111 (ΙΙ),107.

811111 111111111, 101.

8111111 (111111 11), 111.

8111111111, presbiter, 11.

811111 (11111, parrochia de), 11, 11111, lde. ·

81111111 (lebannes 11),1111111111111111 bugd„
110.

1111111111, 101.
811111, presbiter, 110.

Teate (lyme 11), tue. .

11111111 Lugdunenses, 111. Ι

leostanus (111111111111),1111111111111, 7.

’1111111 (apud), 111.

’1111111 (1111111111) (1. Tanatus), 10.

1111111111 (11111111 8. Genesii de), 11, ce, 101.

11111 111111,101,111, 111.

11111111, 111, 187,191.

11111111,11111111111111., 101, 101.

'icarus (Guicbardus 11), capellanus perpetuus, 81.

Teura, 11111111, 111.

Taena, 11111111,110.

11111111, canonieus, 11.

1111111111, sacerdos, 11.

1111111111, 1111111111 S. Stephani, 111.

1111111111,111111111(11111111, te.

1111111111 11 0111111111,ρ11111111111111111,
17.

1111111111 1111111111111,1111111111111, 11.

111111111111 11111111111,111111111, 01.

“ = 11111111111111111111, 111111111, 81.

1111111111, abbas escrisptno, 101.
11111111111,11111111111, 11.

1111111111 Alexandrinus, 110.
1111111111, presbiter, 111.

’1111111111 11 lteanneis, camerarius, 111.
11111111111,1111111, 11.

1111111111, presbiter, 21, 111.
11111111111, presbiter, 111.

. 1111111111, presbiter, 11.

1111111111, presbiter, 10.

111111111111111111, 17.

’1111111 (11111 11), precentor et 11111111, 111,
111.

104 .

 

