11113 110155 M meorum 511111 uuux.

01155 denominasse, 1151151555151, 105.
05155 55 seuseu, 110.

05155 de S. 115515155581.

05155 55 Suus, 511155, 101151.

01155 55 Viles-bene, 71.

05155 55 Vilis Urbsus, domicellus, 111.
01155 55 155515, 71, 151, 110.

05155 511115, 185.

051551551111555115, 115.

0511115115, sacerdos 51 5115111555, 111.
051111111, 55155, 11.

05111151155011111511, 1115111 55 1115111511, 85.
1111111111 55 015515, ui.

0111111111 55 115111, 77.

0511115111 15 5155111151, 85.

011111111 55 0111155551, 51.
unimanus-uuus, 5511115511151155, 56.
0511115111 11 1511551, 151 5151151115, 51.
0511111511, seigneur 5511515155, 51.’
05111111155 S. 05151155, 11.

0111151111, 51511515115155 S. 05151155, 155.
’ 0111515175, 110.

0111111155, senonicus, 11.

0511111155, 515551515 ordinis S. 1151151, 78.

Δ 0511111155,5551555,151.

0111111115, fuissentsummum, iii.

¹ 0111111155, 111555, 70.

0111111115, 151111, 18.

0111111151111151115, 51.
0511111115,11155551115 S. 15111 1111511111, 115.
0111151151, uepes 15115515 5515115, 81.
0111111111, 51551555, 17.
051115111551511511,115. ’

0111111115 11111, 71.

0511111155 115551, presbiter, 15.

0111111111 Benedicti de Bulotus, noterius, 107.
05111111551155111, 515551515, 10.

0511111115 Cluuius, domicellus, 11.

0511111155 05555111, 110.

0511151155 0151511, 51555111155515115115, 11..
0111111155 55 1111111111, 511155,”1ἳο.
0511111115511111155, 11.

0111111111 55105551 151115551515115111. Siephuni,
155, 151.

0511111115 55 1151111555, 5155111515 1535, 151,
511155551511115555511, 111.

0511111115 55 Briseis, 111.

0511111155 55 0115551155, 51511511, 151, 151.

0511111155 55 0115151115, prepositus 55 5511511551,
1 .

0111111155 55 05115, 51511555, 115.
0511111115 55 1111111110.

0511151151 55151115, 151.

0111111155 55 1511155, 5115111551, 151. “
01111151551111115115, 11551555, m.
0511111115 5551111155511115151111111.
0111151151 551151111115555, 5151111551, 11.

0111111155 551155111111115,511551555551115111·
555 11115, 111. ’

0511111151 551511515155, domicellus, 115.

0511151115 55 Puluis, 1151151155551115111111515, ¹ ι

2 .
&Sanus 55115111151155, 11.
011111115155 1155111115, 101.

0111111155 55 1155511111, 515011551 Lugii„ 117,
155.

0511111155 55 Ruppe 15111, 5555151 bugd„ 181, ’

158.
0511111115 551511515115, 5155115111555, 111.
0511111115 55 Seu-oue, 111, 115.
0511151151 55 8511, 5151151155151 Lugd„ 15, 18.
0511111155 55 Thus-eye, 5551115 Lupi„ 111.
051111115555151515, archiepiscopus 11511, 111.
0511111115 55 1551111155, 511551515 8. 11111
Lugii, 150.
0511111115 55 7111101155, 511151 Lugdunensis, 11.
0511111155 551111, 100.
0111111155 151511 1511515111115511111155, 51,
ssu, 111, sse.

, 0511151155 Georgii, 111551, 117.

0511111115 011151, 11.

0511111155 misere, 55 0511511155, 115.
0111111111 Pelium, 811.
05111111151151155, 111155, 118.
0111111155 1151515551, 210.

“ 0511111155 1115151151, 51511515, 110.
- 0111111115 1111511, 1555155181.

0111111115 11511151, 111155 S. 8515511551 151155-
puli, 115.

· 051111115511511111,510111115151551151115, 155.

0111111155 1515551555 51 51551555, 187. ⁴

0511111155111155, 177.

0111111155 suasorii, ⁹2.

0511111155 51511515, 51551555, 101.

0511111115 1115551110115551, magister 511511, 111,
111. ’

0511111115 55011511, 111.

0511111115 55 Sus-s, 511151, 71.

051115111555111155, 51511511, 75.

0511111155 55 7111555, miles, 111.

0111111155 sichardi, 50.

05115155, 111111511155115111111, 111.

0111111 (11551),”158.

01111111 15105111111115511111115), 101105.

 

