668 mans canonosocroos.

86464- 46664 4466664446 0664 46 6644604646, 80.
. 4660, 64444. - 4644646664 06 64666466 46464666 4464,64 76.
- 4660, 46 64444·- 44644 06 64666466 464464660 0’,444664 qni iegoa 6644 6444-
quante 444464 6664466 666446446446, 46.
. 4660, 54646- 44644 06 linguas 06 86464- harmain, 6644606 06 86464 4666
46664444466 06460466 06 864446-466, 64.
4660, juillet. - isnard 06 44466 66466 06 64666466 064 memes 6646 64 6466664,
6606 6 4664446 metropolitains 466466 qn’ii peut 64644 06 046444 44664664,
4 04646466 64 0664 46 6664 06 44646464, 646 condition que 46 6466444646
64646646 06 46446 604064 466464 46606 664 466 66646 0664 46 cathedrale,
4664 46 4666446 06 86464 isan i'nvangeiiste, 64 666446446 4 4664464466 06
concessionem. ,
4660, 60 juillet- 44644 06 64666466 44646666 446464, qni 44 064 legs 6644 6644464
06 86464-4666, 06 8644604644 64 06 4664446464, 464446 46 maison dn
6464446 4 0444466646 06 444466, 46666466, 64 666444466 6 466664444466 06
46 seigneurie 06 Saint-Barnard, 76.
. ’4660, 63 6604. -46444 0’44446666 0’4646, 646446 64 religieux 0’44666, 06.
’4660, ier septembre. ·- 44644 0’4446666 06 44664644, 64644646446 0’4646, 406.
*4660, 7 4664646446. - 40644 06 64666466 06464640 4464664. - 46664406644
4666466466, 4646664664, 06446 64 86464-06464646·66-44664-0’04, 444.
⁴* 4660, 80 4664646446. - 44644 06 446446 4446464646, 64666466 06 4666 64 channe
06 Reims, qni 44 46446064 664646464 64 66646446 464446464 44666464 4 86464-
4666 64 466664444 4664446 86464604644, 466.
4664, 8 septembre - 4644664664 06 6464664464 nouique 06 4466464644, 464.
4664, 46 6646644444.- 44644 06044 ronique 06 4466464644- -4666444446646
, . 86464 4444666606 06446, 646 44646446 64 4 86464- 4464664446, 464. ’
4664, 68 06666446- 6644044660 06 0464666, 6464446 06 646664, qni 46606
deux an'niversaires 4666466464 444064 acquisitione 464464 6 864640646646-
66 44664004 64 4464666664, 460.
4666. 446446 0’,4644 646666464 0’,4646 64464444 46 4664 0’4646 4 446644 06
44446666, chevalier, 466.
44664, 60 juin.- -biort d’htienno 46 444666, 6446666 06 4664. - 4666444066 064
046464 06 0466466666, 60.
4 4666, 64 4644464. - 44644 06 64666466 fluet 06 446646464, 64.
· 4666, mai. — 0444466646 06 4466666, 64666466, 06666 44664446 metropolitains,
6664 466 666446446446, 464 046444 0666 464 664644464 06 064064464 64 06
86464 Maurice-en 4464466644,- 467.
4666, 66 juiiict— 44644 06 4666 46 Sars 64606646, qur legorssnmarson 4446064
4666, 466 4464664466, 80.
*4666, 6 aoht.— 44644 06 hugues 44646664- 866 666446446446 4666466464664444-
bernard, 86.
*4666, 67 aoht.- 44644 06 646446 4666 06 44444646. -866 666446446446 assigno sur
064 acquisitione initos 0’44446666 06 biarzt 0664 464 narcissos 06 046466,

 

