m

11111111(811ρ111111111), ihssuurssius, 1.
11111111111111111111, 11111111111111, 211.
1111111111(1111111111), 11.
1111111(1111111111111), 211,

11111111, 18.

111111 (stephanus 11), 111.

11111111 (1111111111), 1111111111, 151.

11111111 (1111111111 11),11111111, 111.
111111111111111, 111.

· 111111111111111111, 11.

1111111, 1111111 111 111111 (11111 11),11, 11,,111,
201. '

111111 (11111111 11), 71Ι

11111111, 1111111111(11111111 11), 121, 111.

1111111(11111, hospitalis 11), 111, 111.

11111111, 11.

11111111(1111111111’11), 111.

Lusus (11111111), 181.

111111(1111·111111, 1111111111), 11, 111.

11111111(11111111111), 111.

1111,1111111, 11.

11111111 (11111111 11),11.

11111111 ds 1111111111, 1111111111 Lupi, 211.

111111 (111111111), 11.

11111111, 011, 72.

1111111111, 111. ’

mmmmmmmm

hosium (1111111111), 112.

11111 (11111111 11), 1111111111111., 112.

11111111 (Alis 11), 11.

11111111, impunius· 11 1111111111111.

1111111111111111111, 11.

11111111 uu 11111111 11 1111111111, 11.

11111 11 1111111111, 71.

uum (1111111111 11), 21.

1111111, 11.

1111111111, 21.

1111111111,11, 111. ·

11111111, 11.

1111111111, impunius, 11.

111111111, prepositus 11111111, 211.

1111111111, sss 1111111111,177.

1111111111 111111111111, 111111111 1111.,.111.

1111111111 11 Pospsusiis, 1111111111 1111, 118,
iiii.

1111111111, 11.
1111111111111111 (1111111111), 21, 111, 121.
1111111111, 11111111111111111111111111, 12.

smmmfflu

111111111111111111111, junius, 111. ¹
1111111111 1111111111111, eanonicus 1111, 111.

= 1111111111111111111,1111111111111 ungu, 92,

Μ

m. ,

1111111111(11111111111111). (V. 11111111), 1, 7,
1111111111111
111, 1111111111.

1111111111 (archiepiscopus), 1, 12, 17, 11,
111111111111
mwummmmwmmmwu
ummmpmffimmmmm‚
mmmmmfflwffimmmffi

1111111111(1111111111),7,1, 11, 11, 11, 11, 111,
111111111111
mmmwmnwmstuwstm
Qfflmm. “

11111111111(111111111111),11, 11, 111.

1111111111 (111111, 1111-111111, eomitissa), 1,11,
21, 18,11, 11, 11, 87, 111, 111.

11111111111(1111111), 2,1, 8, 11, 11, 11, 21, 21,
111111111111
ummwmwmmmmfflffi
ffiQOmmmm

1111111111 (prouentus), 1,1, 12, 11,11, 22, 21,
ωωηηωωωωωμη
smfflmmmum

11111111111(111111111111), 1, 21, 21, 11, 17, 11,
nmmwmmmmmffls

1111111 (11111111111111111111), 7.

11111111 (1111111111), 111.

11111111 (11111 11), 117.

11111111, 111. -

Lusus, 11111111, 111.

1111111111111111111111, 111.

Lusus, medicus, 111.

11111, 6111111, 1111.

111111(11111111), 11.

1111111111, 11111111 iussu S. Syupuosisuuu 111-
11111.

111111 (parrochia 11), 225.

1111111 (11111111), 211.

11111111 (111111111111), 211. ,

1111111111.

11111111, Stephanus, 11.Ι

1111111118.

111111111(111111111111 11), 117.Δ
1111111111 6111, miles, 11.
1111111,(211111). 5.

 

