mmmmmmmmmmm m

11111111011111), 111.

111111111111, 11111111, 11.

1111111111, presbiter, 111.

1111111171. .

1111111111(11111111111), 1.

111111111111 (1111111111), 11.

11111(111111111111 11), 1111111ςωὶ1 Gereetr'i, 17.

1111111111, presbiter, 11.

111111111 (11111111), 111.

1111111111, 111.

1111111111, 11111111, 11.

111111(111·11111 11111), 11.

Uetere (erebipreebitee 11), tte.

1111111 (constentiam, 111111, 1111111, Petrus,
Stepbrnur de), 1111.

1111111111 (1111111111, 1111111111),11, 11,11,

mmmmmmmmmmmme

mmmmm
11111 (111111, 11111111
11111111, 111.

Ι111-11111(11111111111111 11), 111.
1111111111, 1.

1111111111111111, rt. ⁶
11111111, Gretirpeiitrrne episeopus, 11.

11111111 (Petrus 1111111111, ubire), 11.

1111111111 (1111111111 11), 111.

1111111111, 11111111, 11.

111111111, presbiter, 11.

1111111111, 1111111111,

11111111(111111111), 111, 111.

11111111111(1111111111), 111.

biterrim (11111111), 11.

11111111, 11111111, tt.

1111111111111111111, 11.

1111111111(1111111),111111, 111, 111.

1111111111 (1111111), 77. ,

1111111111 (1111111111),1111111111.111., 111.

111111111011111111111), 111.

111111111(11111111111), 7.

1111111111 (1111111111),11, 11.

1111111111011111111111), mitet, 11, 111.

1111111111,111111111, 11.

1111111111111111111111 (111), 1, 117.

bitrem (lingo 11), 117.

1111111111 (Euporie), iit, 111.

1111111111 (1111111111 11), 111. bugd, preponitur
11111111, 111.

1111111111 (111111111111), 71, tet, 117. ·

1111111111(11111 11),11, 111, 111.

1111111111 (1111111111),111.

11111101111 11),· 111.

= 1111111111, 8111111111, 17.

1111111111,1111111, tte, 111.
111111111111 0111111111111,
1111111111111111, 111111111111111111111, 11.

’ 1111111111, neptis Wiiielmi 11 0111111, 111.

1111111111, prioriere 11 bitumine, 111.
1111111111, 111111111111111111 1111111111, 111.
1111111111, 1111111111, bt.

111111, 111111111111111111111, et.

111111, semine, 11,11,11,111,171.

111111, 1111111111.

111111, rerer 1111111111 1111111, tt.
111111,111111111.111, 1.

111111,111111111111, 111111111111111, et.
111111, ner Witietmt, tet.

111111 11111111, 71. ,

11111181111111, 11111 bugd, 111.

11111111(11111111 11),111. ·

111111111, 11. .

111111(1111111111111), 1, t, 17, n, 11, 17, 11,
mmmmmmmmmmm

111111 1111111111(11111111 11111), er.

1111111111111111(1111111 beetae), 111111, 111,
111.

111111111, 1111111111111111111111,111111111, 111.

11111111(1111111), rte.

111111111, 11111111, 17.

1111111111 (1111111111), 17, 11.

1111111 (11111 retro), to.
biterris (111111111111), 11.

1111111 (111111 11),.111111 et eeetee S. Stephani,
2⁰.

11111111 (1111111111 11), 1111111111 tupi, tr.

111111111111 (11111 11), 117.

1111111111, tiericus, 11.

111111111, 111111, 1, 71, 111, 118.

11111111111111111,11,71,111, 111, rte, ter,

11111111101111, 111.

111111111011111111,111111, tet.

111111111011111111111111111,111, 117. ·

1111111111111111, 11.

1111111111111111, 111.

manuue 11 111111, 111.

1111111111 11 11111111, 111.

1111111111 11 1111111111 1111111111, 111.

1111111111 111 11111111, 111111.

111111, 17.

111111((111111111 11), 111.

111111(111111111111), 17.

111111 (lingueret 11111 11),11111111111, 111.

111111 (1111111 11), 111, 1111 .

tirum (1111111111 11), 117, 111.

1111111 (111111111111), 1111111111, 11, 111.

 

