111 , 11111 1111111111

11111(61111111 11), 11.
11111111111111111), 71, 111.
Ρι111181111(111111, 1111111111), 11, 11.

cunone, 11111 111111, 111111 111111(11111111111 11),

1111111111.

11111111(8.11111111111), 11, 11, 111, 111, 111.

1111111111(111111111), 111.

1111111111 (1111111111111111 11), 71.
11111111(111111111),81, 111, 111, 2111, 111.
1111111 (11111 11), 111111111111111111,11.
1111111 (1111111 11), 11.

1111111 (1111111 11), domicellus, 11.

1111111 (111111111111), 1111111, 111.

11111111, (1111111111, 111111, 211.

11111 (11111111 11),11.

11111(1111111111), 1111111111 11., 1111111111111,

111111111111111111), 117,111.

111111 (1111111111 11), 1111111111 canonensis, 11.

11111 (111111 11),111.

Ponto (1111111), 111111111111111, 71.
Romo (1ο111111111),111111111, 11.
11111111,11. ·

11111111 (1111111111 11), 221.

Pon (S. 1111111111 11), 111.
11111111111111111 (1111111), 111.
Pomm (111111 1111111111 11), 11.
11111111(111111111111),11, 111.
11111111 (1111111 11), 111..

1111111111 (1111111111), 7.

Pomm (11111111111, 11111111 11), 71, 111.
111111 (1111111111 11), 21,111, 111.
Pomm (111111), 211.

11111111 1111111111 (1111111111), 211. Ι
11111111 (1111111), 111.
Pomm-Momm (11111111 11), 111.
1111111(11111111111), 71.
1111111111, 111.

1111111, 111.

Pomm (111111111 111111.

11111111 (11111 11), 212.
1111111111111111111), 111.
11111111111111111111), 111, 111.
11111(11111111 11), 211.

Pom (8111111111 11), 11111111, 11.

1111111(11111,111111111111), 11,111, 111, 111.

Pomm, 17.

1111111111, 1.

111111, 1111111111111111, 11.
11111111,1111111, 11, 11, 121, 111.
111111 11111111, 111111,111.
Fauen, 1111111, 11.

111111, 1111 8111111111 111111111, 17.
11111111 (11111111 11), 71.

11111111, 117, 112.

11111111, 117.

1111111, 1111111111, 2,11. ’
111111111111111111111111111,12. ·
11111111, 1111111111, 211.

1111111, 1111111111 11 S. 81111111, 11.
11111111, 11111111, 111.

1111111, 11111111111111111111111111111, 111.
1111111, 111111, 11, 11.

11111111, 111111,Ι 1, 1.

1111111, 111111111111111, 11.
1111111, 111111111111, 171, 111.
11111111,11111111111111111111111, 11.
Ponam, 111111111 1111111111, 111.
1111111, 1111111111111111111,111.
1111111,11111111111111111111, 11.
11111111, 111111, 11.

11111111, 1111111111 8. 11111111, 21.
1111111, 1111111111, 11, 112.

1111111, 11111111, 11,11.

1111111, 1111111111111111111, 111.

. 11111111111111,11.

111111101111111111, 111111, 11, 111.
1111111 (11111111, 171.
11111111111111111, 1.

11111111 (11111111, 11111111111, 211, 111.
11111111 111111, 111111111, 111.

1111111111 11111111, 1111111111,11.
111111111111111, 117.

1111111111 111111, 11. ,

11111111 1111 1111111, 111.

11111111 11 Petu 1111, 111111111 1111111111, 11.
1111111 11 11111, 11, 111.

11111111 111111111111, 1111111111111, 111.
1111111111 111111111111, 177.
1111111111 1111111111, 171.
11111111111111111,1111111, 117, 221.
11111111 11 S. 11111,111.

11111111 118. 11111111, 117.

1111111111 11111111, 111111 S. 611111, 11.
11111111 11 111, 11111111, 11,1.1.

Pon 1111111111, 1.

1111111111 (11. 11111111 1111111.

Pom 8111111 (11. 811111111111111111).
Pom-Mum, 11.

11111111 11 111111, 71.

1111111111, 121.

Pom, 1111111, 11.

11111111 (1111111 11), 11.·

1111111, 17, 111.

 

