171 · 11111 11111111

111111111111111111111111111111), 111, 111,111,
111.

Eum (1111111 11), 111.

111111(11111 11), 11111111, 111.

11111111, 11111111, 11, 117. ’

11111111 (11111111 11), 1111111111, 111.

11111111, 11.

1111111111,1111111111 1111111111, 111.

· 11111111 (11111 11),11.

11111111(1111111), 11.

1111111 (7111111111 11), 1111111111, 11.
111111 (1111111111 11), 11.

111111 (111111 11)(11111111111,11.
111111(1. 11111 11), 111.
111111(1111111111 11), 1111111111 1111111111, 11.
1111111111, 1111111, 111,

11111111, 1111111111, 111.

111111 (1111111111 11), 111.

71111111 (1111111111), 111.

1111111111, 11111111111111, 11.
1111111111, 1111111111111 1111111111, 11.
111111 (11111111 11), 111.

7111111 (11111111 11), 111.

111111 (1111111111), 111.

hoen (11111111), 71.

11111, 11, 111.

11111 (111111),111.

711111 (11111 11), 111.

111111 (11111111 1. 111111 ὼ), 11.
11111 (11111 11), 111, 111. .
1111 (111111 11),11.
11111111111111111), 1111111111, 111.
111111 (11111111 11), 111111, 1.

111111 1111111111 (111111111),11.
11111 (11111 11), 11.

1111111111 (11111),111.

1111111 (11111111 1111), 111.

11111, 1111111111, 11111111, 111.
11111111(11111).1. 11111111,111.
11111111111111, 11111, 111,111.
111111, 11111111, 111.

111111, 1111111111, 1,

111111111111(111111111 11 11111, 1111111111), 11,

effic· (1111111 11), 111111 1111111111, 111117.

11111,11111,1111111111111111 Lnga„ 11. ,
ὓ11111111(111111111111),(1111111111111111117.

11111, 11111, 111.

1111111111(1111),11. .

1111111 1101111111, 111111, 11,11.

111111, 111111, 11.

7111111, 01111111, 11.

1111111, 11111111, 111.

1111111111 11111111 (domu 111 111111111 11),
⁷mmmmmmmmmw.
1. 11111111 1111111. ’

11111111(1111111111 1171), 11.

1111(1111111),11.

mmmmmm

111111(1111111111), 117.

111111 (1111111111 11), 111.

1111111111, 111,

1111111, 111.

1111111111 11. {⁸-

1111111 (Euge 11),117.

11111111, 111.

numm, 11.

’ 1ω1(111111111ι),111.

1111111111 (11111111), 111.
11111111, 111 11 111111, 11.

1111111111, 111 11 1111131111 1111111111, 11.

hwmwwwwmwm·
111111 (11), 1111111111, 11.
1111111,111111, 111.

11111(111111111),11.

11111 (111111 (burgus 11), 71.

11111 Novo (111111 11),111,111.
1111111111(11111 11), 117.

1111111111 (1111111111, 1111111111 11),111.
1111111111 (011, 111), 11, 111, 111.
111111, 111.

11111(1111111), 11.

111111 (1111111111 11), 11.

111111 (Po. 11),111.

num (111111 11), 11111111, 111.
1111111 (sapum 11), 11111, 111.

1111 (11171111 111 1111111),11, 11, 111.
1111(1111111111111), 117.

1111111 (1111111111 11), 1111111111111 1111, 111.

1111111, 11. ι
(111111, cirinus, 1111111,11,17.
0111111111 (11111111 111 1111111), 71, 111.

cmo, 117.
(1111111111, 111..

 

