m nmmmw

1111111(11. 11), 187.

1111111 (111), 11.

1111111111 (1111111), 111.

1111111 (11.11), 111.

1111111 (1111111111 11),11111111111, 111.
11111111 (11111111 11111), 117.

111111111(1111111),1,1. ,
11111111(1111111),1,11, 11, 11, 111, 117, 111.

Ι 111111111(111111111111), 1111111111, 11.

111111111(Ρ1111111), 111111 11111111 11 1., te,
22⁰.

1111111111111111111111 11),171.

1111111111 (1111111111 11), pellet, 11, 11, 111,
111.

1111111111 (stephanus de), domicellae, 111.

11111111, (11111,11111111,111111111111111 11),
Qmm

111111 11111111 (1111111111, priorissa), 11.

111111111111(111111Ι111111), 111.

1111111111(11111 11), 111.

111111 rel 111111, 1111111111, 111111111111 eeele·
mwmQQm

11111111 (librae), 7.

11111111 (eomer), 111, 111.

11111111(11111111111, contitinet), 11, 11.

11111111 (comitisse), 111111 11111111, ereltlep.
11151, tet. .

11111111 (1111111111),1111 1111111 11111111, 11-
111111.,111.

11111111 (11111111, 111111), 111.

11111111 (1111111111, 111111), 11.

11111111 (61111, 111111),11.

1111111 (111111 S. Τ11111111),111. ’

11111 (111111 111111, 1111111111),11.

11111 (1111111, 11111111), 111. 1

11111(111111111111’111111,111111 111111 et 11),
mm

11111 (1111111111 11 1111111111 de Lyee et de),
18.

11111 ((111 rt, 11111111),11, tte.

11111(11111111 11), 1111111111 11 1111, 111.

Fene (lde-lleymende 11), ll:

1111111111 (111111 S. 11111111), 111.

111111 (11111111),111.

- 1111111(11111111111111.’111111111), 111.

11111111 (1111 11), tet.

1111 (tenue 11), tet.

111111111111,111.

1111111111, 111,111.

Μωῶωωμωψψη
mmmmmmmm

1111111111,11, 111.

’ verumutetur.

1111111111 (11), 111.

11111111, 111.

tenentum (1111111111), tel.

Ferreolum (111111111111111111111), 117.

1111111111111111111), 111.

1111111(111111111,111), 111.

1111111111 1111111111, praeterite, 111.

111111,111111, 11.

1111111111 (1111111111, 111), 177.

1111111111 (1111111111111), 111.

11111, 111.

11111 (111111), 11.

11111 (11111111 11), tte.

11111 (1111111 11), 1111111111, 11.

1111101111111), chevalier, 111.

11111111, 11.

11111111, 1111111111, 11.

1111111111, preeltlter et 1111111111, 11.

1111111111, 11111111, 111.

11111111,11111111111111111, 11.

1111111111,11111111111111111111, 171. tre, 111.

1111111111, 1111111111, 111.

11111 1111111111 (ville, 1111111111, 11111111,
ωμωωωωπω

11111 (1111111111), llll.

11111 (Gripo 11),111111, 117. .

11111 (6111111111 11), te, 111.

11111 (11111111), llll, 11, 111.

1111111111, 1111111111.

1111111111 (pet-reete· de), 111.

1111111111, 111111111, 11.

1111 (Βι111111111111),11.

1111(111111111-11), 111111, 11, tre.

1111 (1111111111 11),11.

1111 (111111), 1.

1111 (1111111111 11), 111111111111111111111 reler-
mwmwwe

1111 (1111111111 11), 111.

1111111111,111111111 11111111, 11.

1111111111, 1111111, 11.

1111111111, 111111,1, 111.

1111111111,111111 et 1111111111, 11.

1111111111 11111111111, tt.

1111111111, presbiter, te, 11.

1111111111 111111111111, 111111, 111.

1111111111 1111111111, 117.

ι ,1111111111111111 111.

11111, 11111111111111111, 111.
11111111111111111111111, 1, tet, 111.
1111111 0111111111, 111.

11111111 (1111111111.

 

