118 ⁸ 111111 1111111111

611111111 (11111 11), 11111111111111, 110.

611111(8111111111111), 110.

6111111 1111111111 11), bt.

(11111111, presbiter, 11, 111.

(111111111111111 111111), 111.

6111111, 6111111111, 111111,117.

(11111111, comes, 11.

61111111 1111111,1111111111 11 terite, 111.

611111 111111111111,11.

(11111111 de Curtiii, 111111 1111111111 bugd, 11
111111111 Perisicnsis, 111.

(11111111, 1111111111, 51.

111111111111111111111, 111.

1111111111, 87.

1111111111, 11111111,117.

(11111111 (11111111111111), 11.

111111, 1111111, 111.

6111 (11111111 de S. 1111111111), 111.

(1111111113, ts.

1111111111, hospitalarius, 11.

6111111111, presbiter, 101.

61111, cerenicus Viennensis, 111.

(1111111111, 111111, 10.

(11111111, comer, 111.

1111111111, abstisere, 17.

6111111111, meter 6111111111, ts.

Gruterus (Petrus, dictus), 117.

(111111, Stephanus, 111.

(11111111,11111111111’, 11.

61111111, presbiter, 10, 111.

1111111111, 11111111, 11.

(11111111, 11111111111, 111.

(1111111, 611111161111111111, milites (1611111),
111.

61111111, ts.
61111111, abires S. Stcpbrei 11111111111, 70.

61111111, 111111111, 17.
61111111,1111111111 S. Strpireui, 11.

61111111,11111111, 111.
(11111111, conversus, tt.

(11111111, convertus 1111111, 10.

61111111, 1111111111.

61111111, (11111 1111111111 11111111, 71.

61111111, 11111111111111 111 (1111111111, 111, trs,

61ἰ1ῗ1ἳ111, 111111 Petri Gbsrrr'trciei, 1111111111

bugd, 110.

accrescentem, 10,111.

61111111, mites, 17, 111.
61111111, 1111111111111111111, 111. γ

61111111, presbiter, 1,11, 01.
“ 6111111111111111, 10.

61111111,1111111111111111111111 S. Remigii, 111,
61111111, 11111111111, 111.

61111111,11111111, 111, 111.

611111111111111, 11.

61111111 6111111111, 1111111111111, 11, 111.
61111111111111111,117. .
611111111111111111111, 1111111111( 111111, st.
Gruterus de 1111111111.

6111111111 vtttcn. 11.

61111111111111111, 1111111111 perpetuus, 111,
61111111 11111111, 17.

61111111111111, 111.

Gruterus villicus, presbiter, 11.
611111611111116111 (V. 6111111),111, tes.
6111111,Ρ111111, 117.

61111111111111, domicellus, 111, 111, 211.
61111111111111111, 117.

611111111ζ 1111111111111111 custos S. Crucis, tt.
6111111111,11111111, 10.

611111111,Ι11111, tt.

Gruterus, 111111, 11.

6111111111, preceptor in 1111111111, 111. Ι

61111111, presbiter, es.

61111111 (11111,1111111, 11111 11), 10, 111, 111,
111.

611111, Petrus, 117.

6111111111, inicus, 111.

(111111, 6111111111, 11.

6111111, 1111111 1111111111111, 171.

6111111,1111111 S. 11111, 111.

61111111111111111111111, 171.

6111111,(111111111, 11, 10, 111.

6111111,111111 11111111 11111, 117.
6111111, 1111116111111111111111111, 100, 101.

6111111, 111111110111111111, 111.
6111111, 111111,11. Ι
6111111, 11111111, 171, 117.
6111111, 111111, 11, 11.

6111111, 111111111,1,11, 111, 111.
611111111111111111, 171.

6111111, decenus, 17,17.
(1111111,11111111111, 111.
6111111,111111111111111, 111.
6111111, penitentirrlus 11111111 S. 611111, tt.
61111111, presbiter, 11,11.

6111111, 1111111111, 117.

61111111, 11111111111, 1, 00.

611111111111111, 111.
61111111111111111111111, cerenicus, 10, 117.

6111111 1111111, 111.
6111111 611111, ter.

1111111 te (1111111, 111.

 

