388 11811 sisinnus ι

8181111188, 181111, bt.
111881111881, presbiter, 88.

· 11111111181, 88.

11111811 81111181, 188.
81118181881118111181,818. -
1111181881, magister, 818.
dissonans, 188111111818, 818.
811818818811818118181188, 1118.
1111111881, 1811118. 11111, 171.

“ 1111111881, archiepiscopus Lugdunensis, 88, 181,

181, 188, 188, 187. (V. birnstanus.)

1111111881, Botrensis episeopus (11.1111181811),
188.

1111111881, 1188188181 monachus 1111818111, 188.

- 1111111881881181118, 188. ¹

1111111881, 87.

1111111881, 11118181, 88.

1111118881, 188118181111888811, 111.

1111118881, archidiaconus, 188.

1111118881, archiepiscopus Lugdunensis, 188188,
111181, soe. 181. ·

1111118881 8811181111, 888.

· 1111111111, Petrus, 188.

1111111181, eanonicus 8118881188881, 188. -

1111181181 881111181181 Vites, canonieus, ¹⁸2⁴st

“ 111111118111811,187.

11111111, Martinus, 188.

1111181881, presbiter, 88.

1111181881, 1111188111 episeopus, 188.

1111111188.

1111181 (io), 188.

1111188881, 81888881, 88.

1111111181, 181881, 88.

111188, ieritn 811188 precentor, 88.

811111811(1881811188), 187, 1118.

111111181 (sinendo), 188.

11188188 11811111, 8111181111, 18.

1111118881, 81888881, 18.

1111181811, diaeonus, 88.

11118111,ῦί111881, presbiter, 87. .

111188111, 1818111. 88.

nemorumnemorum, 187.

1111118181,.1811111811, 8111118111, 188.

111111181111881, 188.

1111181881, 818181 Viennensis, 78.
1111181881, 818.

1111181811, canonieus 81 181111, oo.

1111181881, 18811118, 188.
1111111881 Liutardi, ounonieusLogd., 286.
1111181881 Romani, prior 111811881111181811811

predicatorum 18 Francia, 1811.
1111111881, magister, 818.

111111181 (8111), 281· .

1111118881, srebiepisoopus 1818818111117.1111-
118881), 88. ’

1111118881, eanonicus ordinis S. 18111111, 71).

1111111181, 111818111178.

1111111181 88 Villou, 188.

11111111, Petrus, 188.

1111111, 111, 188.

1111111881, 1, 18.

111111,1811811881,11881881, 87.

11118111, lingo, 881.

1118111811 (Guiiieiurus 88), 189.

11111111118 (Petrus 88), 88.

111811881,11181111181, 7.

1118118881 de 781118, 11888818118111, 111.

1111118111 88 11111111 (iiiii), 1118.

1111111181 88 1181111188, 7.

111111111 (S. Eligius)‚ 188.

1111111111 (Petrus 11811811818111181), 188.

1111118181, archiepiscopus Lugdunensis, 187, 178.

Rariores, episeopus 88818118 Lugdunensis, 118.

1111118181, presbiter, 181,188.

1111118181,18118118811111, 88. ’

1111111881, 1188181181, 188.

11111188 88118111, 8181188 88111881, tt.

· 11118118, 81811881, 81.

Raucae, laicus, 8.

1111818, terito, 88.
111188, 81888881, 88.
111188, 181111, 1118.
1111811811, 111111111.
111181881, 8881888178.
11118111111(811111181), 188.
111111 (pratum), 7.

’ 1111118181, 888.

1111111811 (S. 11181881), rt.

11111111 (8818111 88), 188.

1111118111 (18118 88181), 187.

11118111, ienrina, 188. V

1111181111 (domus do), 111.
1111111,1]818881811, eanonicus Lugd., 111.
1111811, (luithardus, 888181,88.

- 1111811, 11811181, miles, 197.

1111118181,1111181 Guiiieirui Creveni, 88.
1111118881 88 1118118118, subdiaconus, ⁹.
1111111181, 1.

11188111 (118111), 78, 88, 188. (V. 1188111 pons).
1118811811 (8181188111 Ι111111), 78.

1111881181, 11111181, 78.

11181181, 11111111881,188.

81811881, 11118818108811188188111,118.
1118111881,111118, 181.

 

