11111 1111111111

DES 1

NOMS DE PERSONNES ET DE ΙῙ1ΙΕΠΧ. ο

’ 111111, filis 11111111 11111111, 71.
11111111,111111111,11. e .
11111111111111111, 1.

1111111,111111111111111111111 1111111111, 111.

111111111111, 11111111, 18.
1111111111111 d’), 1, 187.
1111, 1111111111, 11.

1111, triremes.

1111, 111111111111111111111, 11.
1111111111 11 1111111 Aures, 111,115.
111, 11111111, 11.

Aeo, presbiter, 111.

111111, 11.

1111111, presbiter, 71.

1111111, 11. '
1111 set 1111 (11111111), 1111.

1 11111111111.

1111111111111 et 1111111111, tte.
11111111, 1111111111, ts.

“ 11111111,1111111111,1.

111111111111111111111111, 181, 117.
1111111111111111111, 111. ’
immensitatem, 111.
111111111111111111111, 117.

iesum, 1111111111, 11111 utinensis, 117.
1111111 (1111), 118.

1111(11111111),11. ’

1111, 1111111111111111111110111011 im, 111.

1111111111, presbiter, 11.
temese, 1111111111, 111.

1111111,1111111, 1.

1111111111, 1111111111, 11117.
1111111111, epiecopus, 11.
1111111111, 111111 11 Portis, 111.
· 1111111111, prepositae, tt.
111111111111111, 181.
1111111111, presbiter, tepeo.
1111111111,1111111111, tt.

' 1111111111, 11111111, 117.
. Α 1111111111,11111111111111111111111111.
. 1111111111,·11111111111111111,1111111, 111.

1111111111, diaconumt. ·
1111111111. presbiter, 11.
111111111,1111111111,11. , .-
summes presbiter, 118.
11111111.

1111,1111111111, 11.
11111111111111111,1111111, 11.
11111111, 111ςί1111, 111.

’ 11111111,111111111111,11.

1111, 1111111111, 11.
111, 1111111111,11.
111 1111111111, freter 11111111, 1111.

’ , 111111111111,111111111111111111111, 171.

11111111, 1111111111, 111. ‚
1111111111, presbiter, 111.
11111111, 11111111 et 1111111111, te,
Absumus, presbiter, 1111.
1111111111111111 roi, 111111.
1111111, deesses, 11.
1111, ville, 11.

· 1111111111 (11111111), st.

 

