111 rous 11 1111111111 1111 rieux. 1117

Κ

“ 1111111111’(1111111111 11), cerenicus bluutisbriso- 1111111111(11111111)1111),1111.

Ι 111, tte. 1111111111 (hospitalis 1111111111.
11111111, primogenitus 1111111111, regis 1111111, umnfflopmpaem), ttl.
111 .

1111111 (111111111111), 111. lus (11111111 11), 1111111111, tt.
¹ 11111, 1. ’ ’ . 1111(11’1111111),211.

1111111111 1111111 (1111111111 11), 221, 111111. 1111 (1111111111), 111.

1111.(1111111111), 71. 1111 (lsquemetus 111), 11.

111111 (milo ’11), 11, 71. 1111 (Philippus 11), 111111111, 87.
111111 (11111111 11), lt. 1111 (utilibus), 1.

111111 (Stepbsuus 11), 1. . 1111(1111111111111111111111),111111, 81.
1111111111 1111111111,111. 1111111(11111111),211.

11111111111111111111, 1111111111, 111. 1111111 (1111111111),111.
binemus, capellanus 11 11111111,11. ’ 11111, domicellus, 71.
1111111111,1111111, 111. 11111111 (1111111111), 111.
1111111111, dissonus, 11. 1111111111 (1111111),1111.
111111111111111, cs. 1111111111, urcbicpisccpus Lugdunensis, 111.
1111111111 11 0111111111 (1. p. 11), 117. 111111(1111111111),111.
1111111111 1111111111 rel le 1111111111, ltu. 1111111111, presbiter, 11.
1111111, 1111111111 Micon, 11. 11111 (V. 1111111) (111111111111), 111.
11111111, 11, 11. 1111111111 111 1111111111(11111111,11111111111 11),
11111111(Β1111111111), miles, 11. 11, ss, 11, 11, 71, 82, 111, tus, 111, 181, 111,
. 1111111,111. · 181121.
1111111111 (Guigo 11), 11. 1111111111,11,111.
11110, Andreas, 111, 117. 111111 (ecclesis 11), 21, 17.
1111111 (11111111 11), monachus 1111111111, 11. 111, presbiter, 111.
11111111(11111111111), let. 1111111111, 11111111111111111111111111, 11.
- 11111111, menceus 111111111, 11. 1111111111, 11111111111 levite, tls.

11111, wilielmus, itt. 1111111111111111, 7.
1111111111111111, 11. 1111111111 (1111111111), 111. ,
1111111111111111,1111111111111111111, 11. 1111111, 1111111, llll.
111111111111111111111, 11111111 11 1111111111, 1111111111, corepiscopus, 11.

2⁰5, 208, 111. ’ 1111111111, presbiter, 111.
111111111111111111111,111111111 S. 11111111 bugd„ 111111111111111111111, tr.

itii: 111111,1111111, 111.
11111(111111111 cle), 2111. 1111111111, presbiter, ’11.
1111111(111111111111111),·1111, til, tce. 1111111111, presbiter, 111. ·
1111111(1111111111111111111111111 111111, 111. 1111111111, 11.
111111 (1111111111 11), tis. 1111 (11), 1111111111, tlt.

.1.11,(111111111),111. Ι Lm Am Μ’ 38

 

