318

1111111, 1111111, 11.

’111111 (1111111111111, sire 11), 11.

Tuosne-Vsusne (111111111111,111111), 11.

111111, 111111, 110.

’1111111111111111111 111111 111111 montisburgi, 118.

1111111,1111111111111111 111111111111111111, 118.

Tannus Corders, 111111, 11.

’1111111 11 1111111111, 1111111111 111111, 118.

1111111 1181111111, miles, 111.

1111111111, semina, 81.

11111111111, 11111111.

’11111111 (1111111111 11), 18.

11111111(81111111111 11), decenus Lugdunensis,
1111.

’11111111 (G. 11), archiepiscopus Lugdunensis, „
111.

’11111111 (11311111111),1111111111111111, 111.

Trisson, 1111111111, 11.

11111111111, 11111111, 111.

11111111111111 1111111111, 111111, 71.

’11111 (1111111111 11), 151, 115,158, 157.

111111 (11111111), 11. ,

' ’111 (1111111111 111),118. 11111111, 107.

’ 111111(111111111),11.

1111 111111 (8111111111111),1111111111, 118.
71111(111111111111 11), 155.

111111(111111111111), 117.

11111111111, 11111111, 81.

1111, 11111111, 177.

111111111, 178, 180.

Uno 11 111111111111111111, 177.

111111811111111, 177.

11111111, 111111111111111111111111, 111.

11111111111111118. Crucis, 181.

1111111111,1111111, 187, 1115.

111111111, precentor, 101, 11111111,

1111111111, presbiter, 171.

1111111111, 11111111, 1111111111, 11, 80. =

111111111,1111111, 1111111, 18.

11111111111 1111111111, 11, 1911.

1111111111 110111, eanonicus 11 revisa, 118.

1111111111 11111111, 5.

11111 (1111111111 1111111 11), 117.

11111 (11111111111),111111 111111111111.,101.

1111111111,1111111 S. 11111, 51.

111111111, Vallis S, 111111 monachus 1111111111 11·
1111111111111111111Λ10. ,

111111 1111111111 ¹
Tossrs (pede), 117.

111111, 01.

Tene (1111111111 11), 1111111101111111111, 11..

1111-11·111(111111 11, 11111111), 11.

11111111, 18.

1111101111), 107.

71111111111111, 17, 181.

Tsnros (11111 11), 81.

1111111111, decanus, 10.

1111111111, presbiter, 1 18.

’111111 1118111111, 8111111111, magister 111111,
111, 111.

’111111 (1111111111), 80.

11111111 (1111111111), 75.

Τ11111111111(11111), 155, 157.

111111, 110.

’1111111 11 1111111111, 11.

’1111111111 (parrochie S. 1111111111 11), 158.

1111111111, 1111. .

Ι111111((111111111),1111111111111111, 11.

’11111 (111131 111), 11111111111111131, 117.

1111111111, 11111111111,1111111111 111-1111111105.

1111111111, Stephanus, nepes 1111111111ιί ’1’., 101.

’1111111111 11111111111111,111111, 71. ’

, ’11111 (111111111111),1111111, 11.

1111111111,111111111111111111111111, 111.Ι
1111111111, canonieus, 11. 2
1111111111, 111111, 81.

’ 1111111111,111111,11.

111111111,111111111111 11 S. 8111111111111.
1111111111, 1111111111111, 111, 115.

1111111111, 11111111111111, 11.

1111111111,11111·111, 1.

11111111 11111111, miles, 70.

111111111 1111111111, 180.

11111111111111111111111, 11111111111111111, 1111-

, 1111111111,11111111.

1111111111 11 (1111111111, 117.
11111111111111111111111, 191.
111111111110111111,11111111, 111.
1111111111 11 8. 1111111, eanonicus, 11.
1111111111 de S. 111111, 181, 187.
1111111111,11111111, 81.
1111111111(1111111111), 118.

111111 (1111111111), 71. ,
11111111111111111111), eanonicus, 11..

 

