111 11111- 11. 1111111111 1111111111. 111

cnm. (1111111111), 111. 1111111111, 111111 11111111 1101111ςί11, 111. . Ι
cm (6111111111 11), 111. 0111111(811111111), 11.

Cum (liugn 11), 111. 1111111111, 1.

(1111111111 11 (11111111, 17. (311111111111 (11111111, 11111111),1, 11,11,1111, 111.
1111111,(1111111111 11), 177. 011111111111(11111,11111), 11.

cmm (11111 11111), 11, 71, 11. 01111 (11111111),11, 17, 11, 11,
cums (11111 11),111. Caunum (11111111111115111111), 111.

cuum, 111. ‘' . 11111111 (111111111111),111.

Cum (1111111111 1111), 111. · (3111111111(11111111111111111),11.
emmau, 17. 0111111111111111), ’11.

Cunnum (611111111111), (111111111111111111- (1111(11111111), 111.
111, 111. Commu (1111111 11),11.

(11111111,111111111111], 111. (11111111,(]οι111111,(11111111 (11111111, 11111 11),
01111(1111111),111111111,11, 12, 51, 71, 155, 1511, m, 111,
Cum, 1111111, 111111111111111111111, 11. 0111111111(111111111111), 111, 117.
Cum, 1111111, (1111111111, 11111111, 11. Gonu. (1111111 11), 11.
Cum (gangit 111), 11. · Gom (1111111111 11), 11.
Cum (1111111111 (1111111111 11), 11. 1111111(1111111111),11.
· 111111111111111), 11111111, 11. ’ 611111(11111111111),11.
cun (1111111 11), 1111 11 (11111111, 11. coum (11111111 1111111111111, 117.
11111111(111111111),11. (111111(111111),11.
’ cm (1111111111 11), 111. 6111111((11111111111), 71, 111.
111111 (1111111111 11), 11. ² (1111111 (1111111111 11), 111.
(1111111 (111111 11), 111111 11 cuam, 111. Comen (Ungues 1111), 111.
(1111111 11 1111111111, 11111111111, 7, 111. (1111111, 1111111111 S. 11111 1111111111, 111.
1111111111, 111. . , (11111111111111111), 17,11.
(1111111111, 1111111111. 0111111111(11111,111111111).111.
111111111111111111111, 11, 71. 1111111111(11111111111 11), 111. ⁸
(1111111 (11111111), 11, 111. , (1111111111 (1111111111 11), 11.
1111111(111111111 111117. · 1111111111(11111111),11.
01111101 (111)1111 5111111111 ⁸⁰· , 1111111111,1111111111111,11111111,71. , Α
(humetum, 111111, 2¹⁰· . (11111111111(11111111(1111111111),1111111, 117,
(1111111111111111111), 111, 111. · 2¹8, 111,

(111111, 111. (11111111111111111111(11111111111 11), 1111111,
(11111111, 111. 11, 111, 111.
(lunum, ⁸², 111· 01111111(1111111111),111111, 111.
(11111111111111 (11111), 111. ’ ’ 1111111111(111111111),11,11.
(1111111111 (1111111), 111. (1111111111 (1111311111 11), 111.
cuno, 1111111111, 111. commeo ((11111111111), 71, 111.
1111111111(111111111),111. 011111111(1111111),111.
emonem (11111111 11), 111111, 111, 117. 111111111(1111111111111), canonieus 1111, 111.
(1111111111 (11. 11), 11111111, 111. 1111111111 (1111111111 11), 1111111111 W. 11111111,
(11111111111111 (11111111),111, 111. 111. “
emonem· (1111111111), 111, 111. Comum (111111111111), 1111111111111, 71.
(1111111111(1111111111111111111), 111. 1111ω11111111111(11111111 11111.
(lunum, 111. ’ comm (11), 11.
,cum (111111, 1111111111), 111, 111, 111, 11111111811111111 11), 111.
111. (1111111111 (11111111),11.

(1111111111 (1111111111 11), 111111, 11. (11111111 (11111 11), 111,
cmm, presbiter, 17. 11111111(111111111111), 111111, 111.
Cum? 111, 11111, 118- 01111111(1111111111111). 111.

“ 1111111111 (1111111111), 11. “ 1111111111(1111111,1111111),111.

16

 

