111111111111111111 1111 11111. 311 .

8111111111 (11111111), 181.

11110111 (8111111111),11111111111111111, 71.

nunciam (loannes 11),111111111111 1111111111-
-pus 8111111111, 18.

1111111111 11111111 11111(11111111,11111111, mnn-
111111),11,111,ι1ι,111,111,11ι,111.

Ruri 81111 vellium 11111 (1111111111 11), 111.

lim 81111(1111111),1111111111131.,111, m,

· 22⁵.

1111181111 (8111111), camerarius, 111, 181, 181.

8111181111 (6111111111), 1111118111111, 111,
111111.

81111111(81111111),1111111111.111.,181. ,

8111111 Lugduni (111111 1111 11), 81.

8111111 (11111),11.

81111111 (11111111), 17,18, 111.

81111111 1111111111, 17.

8111111 (1131 11), 177.

8111111(111111111111),87.

Sicanio (8111111111), 11111111, 17.Ι

8111111111 voi 81111111 (11111 11), 1111111111),
11, 111.

8111111 Comus, 111.

8111111111 (8. 1111111111), 87.
811111 (pons), 111. ,

8111111, fluvius, 11, 111, 111,111.
8111111111-1110111, 111.

’ · 8.11111-11-111111111,71.
. S. 1111111111.
- 8. Burnum-viimi, 181.

80111111(11111111),111111111, 111, 111.
8. 1111111111, 111.

· S. 8111111 (iniuria 11), 117.

8. Gumis-Lim, 11.
8811111111111111, 118.

8. 8111111 (111111 11), 118.

8. (innui (8111111 11), 11.

8. 1111111111111181111, 81. ¹
8.]11111111-1111111 (1111111111), 88.
’ 8. iun-iimina: (1111111), 81.
8. lun-mutui, 88.

8. 1111111-11811111,118.
8.Ι1111111-11-11111111,117. ,
8. 111111118111111, 119.

8. mmmm-(imi, abbaye, 11.
8. Onu-mou, 1111111111,,18.

1111111111(6111111ι111 11), 1111111131, 181,
218.

1111181111(11111111111),1111111, 117.
111111111101111 11), 211111.

1111 11111 (Petrus 11), einricus, 111, 111.
1111181111 (11111111), 111111, 117, 118.
nummi (11111111, 1111),71.

111111 (stubei-ius 11),1111111118.11111111,111.
1111111111 (obedienciarii), 1111111, 181 111.
lius-ri (81111111, 1111111111111111111),111. , ·
1111111(1111111’111),18. ’
1111111111, 187.

8. Pici, 1111111, 11.

8. Pina-nbilam, 11111111, 181.
81111111, 111111111111.

8. Pinna-niusa, 87.

8. 8111111111111, abbaye, 19, 81.
S. 11111111, 81.

8. Ruunt-mmm, 111.
8111111111, 87.

8. Romu« (1111111 11), 81.
81111111, 1111 11111111.

x 811111-8111111-11-11111, 11. 1

811118111111111111111, 111.

811111-111-11-1111111, 1.

811111-111-11-81111111, 1. ,

8111111 (11111111 11),11.

81111111 (Guigo 11),118.

811 (8111111 11),1111111111.151., 11,181, 187,
181.

smum (1111111111 episeopus), 181.

8111111(11111111), 111. ’

81111 (1111111111), 77, 1111.

8111161111111), 81.

8111111111 (1111111), 11.

81111111 (Petrus 11), 1111111111, 1. ·

811111111111111 11), 118.

Sancus (11111111,111111111111), 81.

Sumus 111 81111111(1111111111, 11111111 11),
181, 118. “

’ 8111111111181111111(1111111 11), 11, 71. “

81111111111,18. ¹

8111111 (11), 181.

81111111 (8. Martinus 111), 1, 187.
81111,1111111111, 88. ’
811111, Stephanus, 111.

 

