284

81111111, puer 11 111111111178.

7111111111,11111111181111111111111, 787. ’

81111111, 1111111· 1111111111, 171.

1111111111, 111111, 18, 77,17, 77, 77, 71, 77,177,
167.

8111111111, milen, 78, 88.

81111111, 1111117111 71 S. Sulpicio, 7.

8111111111, presbiter, 77.

81111111, 11111111, 118.

8111111111, 11111711 utque 1111111111, 177, 111.

8111111111, 11871111111, 7, 77.

8111111111,11111111, 187.

811111117111....,177.

Eunomo (18111111 11), 788.

81111111, 11111111, 177.

81111111, 1111111111 81111111, 77.

8111111171 (7811711111, 7111111111, 771.

811111, 11111111, 81.

81111111 (opiscopus), 7·8,187, 788.

8111111, 11111111, 177.

8111111111,111111, 17.

81111111111, 1111181111, 77.

81111111, capellanus, 717.

81111111, 1111111111 8. Sulpicii, 87.

8111111, 111111111711111181711111, 188.

81111111, eanonicus, 77.

81111111, presbiter, 118.

8111111111, subdiaconus, 78.

1111111111, 1111111111 boui· 71 8111111, 177.

8111111111, 111111, 177.

8111117111111111111 (Thomas, 1111111111 81111),
118. ,

811111111118111111111, 71111111, 77, 77, 118, 171.

81111111711117111111, 7. ,

81111111, 11711 71 (11111 71 11111, 71.

8111111111, 71111111, 18.

8111111111, 1111111111, 178.

’81111111 111111,178.

8111111111,11111111, 78.

8111111111, 1111111111, 177.

zm, 1111111111ιὸ1, 11.

fimum 111 1111, not 8111111 1111111111, 87.

81111111111, 7111111111, 187.

811111, 77.

81111111, 71111117, 17.

8111111 (1111111111 711, 11111711, 777.

81111111, 187,177, 117.

· 11111 1111111111

81111111 Amulius, 71.
8111111111 Faber, 77.
8111111111 8111111111, 111111, 77, 177.
81111111 7181111111111, 177.
81111111 71 Puer, 111111, 71.
8111111171 Pedio, 187, 187.
811111111171Ρο711,1)11111(1111818111111111,78,787.
81111111 1111171111, 171.
81111111 1111111111, 77.

i 81111171081111111, 787.

¹ 8111111 1118111111(11117 11), 77, 171.

811111111111111111111111, 177.
81111111, 1111111111 11111111, 178.
81111111, 11111111111 11 111111111,·111.
811111 (tem 71),177.
811111111111,11111111, 118.
1711111111, 11111111, 17, 77.
8111111111, montebon, 77.
8111111111, 1111111, 77.
nummus, 1111111111, 77.
8111111111, 1111111111, 77.
8111111111, 71111111, 17, 78, 77, 177.
81111111111,1111181111111, 11111, 71.
8111111111,11871111111,117.
81111111,1111 111111, 177.
81111 71 1711117111, 111111, 7.
81111111 (11111111 11), 177, 717.
811111111(11111111), 1111111111 S. 71111, 1111111-
111 bugd.. 778.
8111111(81111171117·), 187.
8111111111()1111111117’),178.
8111111111(111117’), 77, 177,187.
8111111111111 111 8111111111, 77, 117,
8111111111 (111111), 177.

) 8111111111 (81118111117·),177.

81111111 (11), 177, 177.

’ 8111111, 18.

’ 81111111(11111111171),178.
81111111, uxor (1111111111 711111, 181.
81111111111ψι1111111 d'), 717.
8111111111, 177.

8111111111 (1111111), 187.
8111111 (hospitalia 7111), 787.
81111117188111111, 77.
8111111171 8111811111, 1.
8111111111 81111, 1111111111, 77,

8111111111, 11111111, 78.

 

