448 44444 4444444444.

*4448 44 4444444.- -44444 44 ’44844444 44 84444444, 4484444444, 444 4444444444
, pour 44444 nous 44 4444 44444 4·’444444 4 4444444444 44 44 partio 4ιι
44484444 44 44 444444 4’ Auso 444 4444444444 84444444 44 4444444444.- -4444

4448, 4441 θ441ιῖτοῦ ἷ4444 44 84444444 44 4444444444, 444 44444 8 4444444 84444-

8444444444444444 4444444444, 48.

“ 4448, 48 444· -44444 44 44444444 44444444, 47.

4448, 44 juillet. -44444 44 844444 4484444444, 444444 44 444444, 78.

*llll l 4444444. ·-· 44444 du doyen Triberl, 48.

4447, 44 juin. -· 44444 44 ungues 44 8444444, albe 44 saint-Just, qul 444 44444
44444 4444444444 444444 dans 4444444 metropolitane, 4444444444, au 44444-
4 04 44 444444 44 44 chapelle 44 444 4444, 44 444444 444 4444444444 4 84444-
namara, ainsi qu' 444 maison 44444448 4 44 tour 4444444444 444444, 84.

4448, 8444444444.- 44444 44 4444444444 ,4444444444 44 4444, 444 aequit 444
4444444 44 8444444, 44 84444444, 44 44444444, 44 8444, 44 44444444 44 44
4444444, 444 44444 4448444444, 44 Pollial 44 44 4444444444, 44 444 fonds
4844444, 48444484ιί4, 88444444, 4448444444, 444. -Don 44 444444ς -
construction 44 4444444 44 8444844444, 448.

4448, 74444- 44444 44 84444448 44 84444, 4444444444 44 4444. -4444444444
444444 444444 4448444 4 81444, 88.

*4488, 4·Ι 444. - 44444 du 44444444 4444444444, 444 444444 44 444444 44 84444
44444444 44 444444 44 44 44444444 44 84444444, 44.

, 444844, 4444. - 44444 44 ’4444484444 444 44 444 (l'un 444 444 4444444444, 48.

44484, 48 4444.- -44444 du 44444444 44444, 444 44444 444 lignos 44 4444444
44444 4 4444444 84444- 84444, 88.

4484, 48 4444444. -44444 44 444444444ιί4, 444 444444844414444444 h chapelle
44 8444484444 avec 444 44444844 44 tout 44 4ιι 1l 44444 4 84444- -oyen-

4488, 8ᾱιιθ44ίιυιῗιῖιιι2 2 44444 44 Pierrel 44 4444444444, 448444 44 84444444 44

· 44444444 44 4444, 484.

4484, 48 4444.- -44444 44444444 4414444444, 488444 8444444, 84.

4488, 48 444. -·- 44444 44 4444444 ,4444444444 (44 lyon. -44444444444 (44 selae
maisons 444 4444444444 44444 (44 8444444 dans 44 84444 4 Auso: -4444-
44444444 4 4’4444ιιι4444; 444444444444 44 la maison 44 8444444-
444444444, 47. ’

4448, 7 septembre. - 4444404444, 4884 444444, 444.

44444, 84 mars. - 44444 44 444444 84444444, 444 donna 44 44444 44 44444444 l
4444444 saint-ntimo, 84.

4444, 88 444. - 44444 44444444 44 Bago, 848444 444444, 48. .

*4444 48 juin. — 44444 (444444 (lo 84444444, 444 84 44 4444444 lons 4 84444-
444444, 88.

4444, 84 4444. 44444 44 Pleno 44 8444444 ’444 44444444444444484 44 la 48444444
madalelmus 44 8444444444 444.

 

