888 118118 81 1118811118 81 1111118811. 181

61118888861811118118, tot.

61818118 8818118811, 811188, 71.

61111188 88 18 1818118, tot.

61811118 8818818811, 88888888, tot.

618188188188 8881888, 78.

61811188 88 01811, 18.

6181888 88118818, 81. ’

6181888 88 torribilis, 888.

6111888 88 88181188 S. 188881 818. 18811, 8818888-
11881818, 81.

6181888 88 881,888881881, 11, 181, stt, 181.

6181118888 S. Prejseto, stt, 181, 188.

611188888818818818, 8881188888888881, stt.

61811118 Lupus, tor.

, 6181888111188111, 18, 11.

6111818811181, 181188, 188.

61881818, magister, 171.

618811,181.

61181888 88 1181188888, 811188 18 88818818 bugd,

· cononicus 68888188818, 188.

61881888, 1888881118 81888818881118818 8181188
1818881, 81.

’ 61888818, 88811888181881111, 8881188188ρί bugd,
110. ·

6811888188, 181.

6818881188 1181811 181 88 lou, 8888111888, 18.

611888, 188, 181,11(1.

611888 (18188 88), 8811881888 81 181118,111.

· 61188811 (88818881),Ι 11, 181.

611181 (1811118118 88), 111.

61811811 (6811188818 88), 81.

611188 (118188888 88), 111.

6181818 (11181188 88), 111.

⁸ 6888181118, 81188 8.1188181618181811,81
6888181888, dux, 78.

6888, canonieus, 11, 111.

6888, presbiter, 181.

681881188, 117, 187.

6838881118, 8818188888 81 prepositus S. 118818,

6818118888, 888, 181.

6888881181, 81188 (1881118 11181818), 11.
6811118881, 81881881, 118.

6811181181, 881888, 87.

6811181188, dissonus, 181.

6888881818 (88818818 S. 1111111811 88), ot.
68888888 (1888881,118881118 88), 111.
6888811811 181 6888811188 (188888 88), 188, 111.
6818881888, presbiter, tt.

6811881888, 88888888, 78.

6818811888, tir.

61118181 (188818181Ι 118) (1.618118 18188), mm.

Gsssorrsorrs (proto 18), 17.
6881818 11811111 (1181881), 187, tot, 180, 118, 118,

6118188 (18), trt. · · Ἰ

6188, 6818181188, 1188888188181188,8118118818.

68181811818811111, 111.

68888881188181188, 171.

6811181888111111118 (bopo, epitropos), (18,,171.

6881181881811186811811888, episeopus), 1.

6188181811111118 (11811888881118881118), 18.

6881111188 (11118 88), 188. ,

68118118 (181188 88), 8188118888 perpetuus, 11.

681118 18188 (11818118, Ι888188188), 78, 118, 118,
111, 118, 1118, 118, 22⁰, 181. (V. 68118181,
6811181181.)

68818888 (1111888), 1111.

68188188 11, popo, 81.

6111881188, 181.

688888188 1888888888, 1111118

6111111881 (18),181.

6811188188, presbiter, 81.

6888888 (611138 88 S. Simpborisno, dominor 88),
88.

6818181181 (888188 88). (11681118 1811118), tot.

Gsrotrr,t2tt. ⁸

6818811888 (8181881 8818), 17.

681811818, dissonus, 25:

6111111188, presbiter. 188.

, 6818181888, diaeonus, 17. .
’ 68118111, Rogo, sacerdos 81118888181188, 117 .

6811881,1881888,8117. ’

6118818, 1881188, 18.

618188,1118 1181881888, 111.

61818, dissonus, ttt.

6811111188, 888888818888818818111, 1111, 111. “

618118,’188818111, tot.

68888181, 1188118188888, 8181188187.

6111888818 88 188818,1811818 68118818 88 S. Sim-
phorisno, 88.

681888811, 1811181, 118.

curcum 118 1861118, 1818818888, 22.

6818111881, 118.

6118111188, 18818818188818, tto.

6818811188, soror Moris 8181888118, 111.

6818118181, 1818188188, 171,181, 188, 187.

6818811181, 1818118, 171.

6818111881, 18188188, 117.

6818818888, 81, 118.

6118818888, 88811188, 81.

6818811818, 88811881888118818888888118, 111, 178,
111, 181, 181.

6118888888, 8818118888 Petri 8818881, 888881, 111. .

6818888811, dissonus, 88.

tt

 

