661 116111 ,11 1111661166 1161611611. “ 316·

111166111161111, 666.
1111661611116611, 116.
111161 11611661, 61661661, 66.
11166616116116, 76.

111161 11661, 2118.

1111161 6611661, 161.

111166 1161161, 6166111111 puerorum, 111.

111161 8661661, 207.

11111166 Auguste, 61661611166111 61 6161161166·
66666616, 86, 166.

1111161 de 6661661666161116, (68, 2116.

Ι 111166 6111161616, 611161, 166. Δ

111166 de Borboor, 166.

111116 66 Boreo, 116.

111666 de 861, 1118611116, 6116.

111661 66 11116666, 186.

11116166 1116616, 71.

1111161 de Boseyr, 61611666, 661.

161111 66 (16161661, 666161 6661616166, 266, 261.

1116616666161666, eanonicus 0⁸ sacerdos, 161.
“ 16166166 01111161, 6161166611.

11166666 06661666166,166616ο6, 166. ι

· Porrus de (16111, 168.

111661 66 8661111666, cononicus S. 16111, officiatis
1666, 268.

111661661111166666, 166.

111166 61 fontaneis, nepos 1116616111 66 1161666111,
16, 111.

. 11116166 11661, 161161, 66, 1111.

“ 11166166161611171.

’ 11166166 Grrvellis, 1666116666 661611116611.

1111661 66 161616, 1.
’ 1116666611111,181.
1116111 661 116611161,8,11.
1666166661166,1111. ’
111161 de 1111611166, 2.
1111111166 11616166, sacerdos, 67, 196.
1611166 66 11161111, 61611611, 116.
Porrus de 1166161111666, 16611116 S. 16611, 18.
Poenos de Monte 81616611 111 116616611166, 187,
186.
16116166 11661161,666661661 el 16666161 1116111611.
111161 66 1116611116, 66 ordine 111661661, 181, 185,
111111. ’ ’

⁸ 11111161 66 1611661116, 6666116661 16116111 66116111,
Sd.

111611661161161, domicellus, 86.
1111111 66 6116116116, 11.
11116166 1661111611, 161666, 611.
11166666 11666666, 186.

111161 6616111161, 807. ·

11116166 116666 Forte, 61611616, 261, ·

111161 66 8111161111, 666611166 1666.,166.
1111611 66 86161616, 1166661666, 1.
11116166 S. 11116616, 1716181.

11116166 8111, 11611111 S. 11611, 161.
111166 66161116, 167.

1111111 6616161, 181, 187.

11116166 16161, 16661666661, 167. ·
16166166 1166661661, 117.

1611161 1111 villefranche, 616661661111666666111,
Sd.

1111161 66 villanova, 6666116661, 168.

16161111(116661 66), 1161611666 66 Lyor, 61.

11111161,81661166111,1(1. -

1611111, 11666, presbiter, 217.

11161111, 167.

1111111161, 111.

1111111161, 1611166661661, 166. =

1111111161, Romanorum 1616616161, 166.

1111111111 66 1666666661666, 67.

1661116166 8616116, 21.

1111111111 86111661, 110.

161111161811161111, 66.

111111661111611611111, 66616111661661661661, 166,

1661111(6116111116611), 61.

1611111161, 661616666611, 186. -

1111111161, 16111661 1166661166 Tolera, 181, 186.

11611611, 161161, 16661661, 86.

1116611, 6116611616 116 8. 1166111111, 66.

111666 66 1111611, 61661616116, 17.

1111161 66 (11161161, 666116 66 (11116161, 111.

11661111 66 861166, 66.

111661-16-11111111611, 1161116611, 18, 86, 166.

116166 1611161166 (11116 66), 181, 187.

111111 (1666161, epod S. 66666161 61111166 16611 ,
11.

111116((1111661 de), 611.

111116 (11666 66), 11.

, 11116 (pons de), 167.
’ 11111161116611(116161661116), 68, 168, 161, 116,

116, roo.

111111(1161616666),6161 Boterdi 66 chastillon,
168.

111111 (6161116616), 61116661.

11161616 (1161616111 66, 6666661, 6116161666111 66),
117.

1116111 (86111661 66), 6661666, 6.

111111 (6666611666166), 181.

1111161616166166), 61611611, 11.

1111166 (1161616111 66), 71.

111161166·(1166166), 6.

111116 (6111166166), Sd.

11111161 11111 (8166116661 66), 611111, 116.

68

 

