144 44444 4444444444444.

4344, 44 4444. - 41444414 1444444441444, 4144441414 4444444441, qui 14444 un 444
·, 414 1 84144-64414-14401114444 44 444 4444441 141444, 94.

*4444 44 septembre. -41444 41114441 414 montagu, 4144441141, qui 14444 4 ses
4444444 14414 4444444144 44414141444444114444444144414 4111444444, 44.

4344, 4 novembre. —- 14444 414 414444 4444411444, 4144441414 4444444441, 449.

4394, 44 septembre. —- 11444 44 4444 414 141444, 44411441·44414444444 414

4419, 4411 {affl-⁴- 14444 4114444144 414 8414444, 44411441444444 4141414 44 de

4444, 4ἔ84146414ξῗὰ444444444 do 8414444444 4 hyon, 444 11 144 14144444 dans
l'egliso 8441441444, 41444444 (1444441441 44444144 de 8414444, 41.

4411, 44 mars. - 11444414144441411441444411144, 4444411441-44414444444 414

4434, 44Βῗ4844144ῳ-11ῗ41444444144 41444 1441144 3414444444 du corps du cardinal 4444

. de 114444411144,14.
4444, 44 1444144. - 14444 41114444 414 8444444, 4444144414 414 8441444444, 47.

 

