, 318

Ι81111111, 11111111, 181.

11111 18111111’

S. 1111111111, 181.

8111111 1111111111 (111111111181),11111’11111 1111111- S. 11111111 (11111), 88.

11111, 178. ,
S. 81111111 (W. 111), mugiant, 188, 888, 817.
S. (11111111 (W. de), 111111111111111, 811.

8. 811111 (1111111), 11, 18.

811111 11111111 (decimu, 18111111ιί1, 1111111111),

11111ωη111
S. 11111111, apud Lugdunum, 188.
8, 1111111188, 1111111188.
8.1111111(11111111111888), 188, 187.
S. 811118 (11111111), 87.
S. 1111118111181111), 888.
S. 811118 8111111118 (1111111811), 188.
S. 811118 111 1111111 (11111111), 87.
8. 8111118 (11181111 (81111111, 1111111), 88.
S. 1111111111 S. 81111 (hospitalis), 88.

S. 111118 1115811111 (1111111), 88.
8111111 111111181111111 (11118811), 888.

S. 81111111 1111111111 111 (1111 (81111811), 88.
8. 1111111111 (11111111), 87.

8111111 8111111 (prior, 11111111). 8, 81, 88, 88, 88,

81, 188.
8. 81111111 (111111),188.
S. 81111111 (11111), 88, 88, 88, 118.
8. 81111111(111Ι1),188.
S. 81111111 111 1181111 (11118111), 18, 18, ’187,
8. 8111118111 8111111111 (1111111111), ’18,188, 188.
8. 81111811 1111111111 (11181111), 888.
8. 1181111111 (nugo 111), 1111181118.
881111111111111 (11111),81, 188, 188, 811. ’
8.811111111(11111111 1111111111), 881, 818.
8. 811111811111111111111111(111111), 87. ,
8. 8111111111 (libri), 188.
S. 8111111811 (81811111 118), 187.
8.]1111111111111 (1111111), 88.

81111111 (811111111818111, prior), 811.
8. 8111111 (11111111), 88, 188, 888, 881.
S. 81111111 (11111, apud 8111111111), 188.
S. 1111111811 (1111111),18, 88.
8. 1111811811 1181111 (moniales), 78.
, 8. 0181111 (11111111111111), 88, 88, 118, 188, 118,
178. ’
8. 8111111111 111 Τ1111111111(11111111), 18, 88, 188.
8. 81111111 (1118111111 de), 811.
8. (1811111111, 18, 88 187, 188,188.
8. (1111111111 111 11111111 111111, 78, 87,188,118,
numam
8.(111111111111 1111111111, 187.
S. 08111111 111 011111, 88.
8.(11111111111111 8113111111, 188.
8. 1111111111(811111), 187.
8. 8811111(11181111111), 88, 818.
8. 81111111(81111111), 88, 888.
8. Gnouton (hospitalis), 818.
8. (1111111 Lugdunensis (vicus), 87.
S. 1111111111 (ρ111111111,18111111111), 18, 18, 81, 88,
88, 81, 87, 88, 188, 188, 888.
8. 88181111 11 1111111 Aureo (11111, parrochia),
mam .
S. 6111111111 (1111111111111),1111111, 188.
sfflmmfflmmwm.'
S. 8111111111111111 111), 8111111111 81111, 888,
888. ·
8. 8111111111 (lingo 111),111111 majoris 11111118, 81 .
8. 8111111111(811ρ11111111111), 188.
8. (1111111111 (1111111111 11), 78. ·
8. 1111111111 Lugdunensis (11111111),181,188, 188,
mstmnmmstmnnmahmm
11181111).

8. 8181111111, 8. Β. 1118111111188111111111111 8111111181(111111,1111111),117. ”

(81111111,1111111111111), 81, 88, 88, 77, 88, 188.Ι
S. 8111111 (willelmus 111), 181, 187.

8. 11111111 (11111111), 181.
8. 8111111811111111111111), 188.

8. Βο11111(11111111111111), 1111111111, Sl.
S. 81111111 (11111111) (1.8. 81111111),188, 188.

8. 8111111 (11111111, (1111111111) (1. 8. 8111111), 8,
mmmm

88111111 ln 11111111 111111 (11111111), 8.

S. (1111111111111111), 818.

8. 81111111 (11111111) (1. 8. 81111181),·181, 187,
man

8. 811111 (11118111) (1 . S. 811111), 88, 78, 88.

8 8111111111 (111111 111111), 8.
8.1118111111111111111181111, 81.

8. 1111111111 (11111111),188.

8. 11111111 (1111111), 188.

8. 11111181 (81111111), 78, 88, 187, 118.

8. 11181111(81111118111 811, abbas), 88.

S. 1111111118 (Stephanus 111), 1111111, 888.

8. 1111111111 de 1111111111 (11111), 8, 88, 17, 111,
188.

S. 1111111111(1111111), 78.

8111111811 111 11111111 (1111111111), 188.

S. 11111111 (11118111), 188, 188.

8111111 (1111111111), 88, 88, 88, 88188111, 178,
maa

811111 (11111111), 8, 88, 78, 88, 188, 188118,
lwmfflmmmmmmm
888, 888, 888, 888..

 

