171 · . 1111111111111

11111111 11111111 111 111 1111111, inararem,

111111.
11111111111111111111, 171111.
Bruma-dr Srmlrenr, archipresbiigr, 111.
111111111 111 1111111111, 181.
1111111111 1111111111, 1101111111, 117.
1111111111111, 11.
11111111, 111111, 11,171.
1111111,111111,11111111111, 201. “
’ 1111111, 1111111111111, 171181.
11111111, 111111, 11111111, 1,11,71,77,111,111.
11111111, Petrus, 1111111111, mimmii.
11111111, 111111111111111 (11111111111111, 7.

11111111 1118111, 11111111111111, 111.

1111111111 Sura, 1111111111. 11111 Luni..
111. ,

11111111 (111111111111), 111.

1111111111 11111111, 1111111111, 118.

1111111(11111111111), 111.

1111111111111111111111, 1111111111111111, 117.

11111111, 5111111111, 111,117.

1111111 1111111,111111,111,111.

1111111111, 1.

- 11111111 dr 11-111111111, 71.

1111111111, 1111111, 70.

- 111111111,11111111111111111111111, 111,117.

111111111111111111, 1111111111, 18, 111.
1111111111 rie 1111110111, Guido, presbiter, 117.
1111111111, 181.

1111111111, 11118111111111111, 111.
1111111111, 111111111, 17, 70, 81, 1111.
1111111111, 11111111, 11, 71.

1111111111, 111111, 1.

1111111111, episeopus, 101.
1111111111, 111111111111111111, 111.

1111111111, judex in 111111111111111, 111.

1111111111, 111111, 10,117.
1111111111,ρ11)1111111 11 1111111111, 111.
1111111111,1111111111, 111, 117.

111111111, 11111111, 17, 18, 81, 111.
1111111111,111111111. 111111 11111111111111111, 177.

1111111111, subdiaconus, 80.
, 111111111111111, 10.

111111111111111111,101. “ ,
8111111111 111111, 11111111, 1111.

1111111111 Clario, 100.

1111111111 11111111, 107.

1111111111 1111111111, 111.
111111111111111111, 111.

= 1111111111111111111,111111, 11.
1111111111 111. 1111111111,111111, 111.

1111111111 ir 1111111111, 1111111111, 8.

1111111111 Fabri, 111.

1111111111 111111 1111111111, 181, 181.

111111, 111111, 111.

11111 (1111111), 111.

11111, 1111111111, 111.

11111, 187.

11111, 111111, 1111118.

111111, 111111, 11.

11111, 111111,11. ’ “ .

11111, 111111111111111111111 1111111, ⁸2.

11111 111 1111111111 111 11111111, subditorum,
11, 111.

11111 (111. 11111, 17, 21.

1111111111, 1111111111, 121.

111111111111111111111, 111. .

111111, 1111111111, 111.

1111111111, 111111, 111.

11111111, 1111111111, 11.

1111111111 (1111111, 88.

1111111,1111111111111111,1111118111111, 11.

1111111111 dr 111111, 1.

111111,111111111, 11.

111111111111 1111111111, 07.

111111111111 (11111111, 11111111, 117.

111111111111 1111111111, 1111111, 11.

1111111111111111111, 111111, 11.

1111111111, 1111111111, 11.

1111111111 111 Corus, prior S. 111111, 111.Ι

1111111111, 111111, 11.

1111111111, 1111111111, 11,

111111(11111111111),111. “

1111111111 (1111111111 1111111), 111.

1111 (Cnido), 11111111, 111.

111111 (11111111), 111111, 111.

1111111, 11.

11111111111111111), 1111111 111 S. croix, 181.

11111, 181.

11111111, 1111111111, 1111111111111111111, 11.

111111, Petrus, 2⁰7. ·

111111, Stephanus, 207.

111111, diaeonus, 111.

1111111111 (1111111), 70.

11111 (1111111111), 1.

. 11111111111111111111 dr 1111111111,1111111ρί111-

pur), 18.
1111111111 (1111111111. 11111), 111.
11111111 (1111111111, priorissa 11), 111.
11111111, (1111111, 111.
11111(61111111111),111. ,
11111, 111131, 111.
nunc, 1111111111, 111,
Burro, Porro, 1, 111,

 

