181 . 1111111111111

‚ 01111111111(1111111111), 117.

0111111 (11), 11, 111, 181.

0111111111, Η111,11111111,117. .
0111111111, 0111111111, clericus, 111, 111.
0111111011111), 1111111111, 11.

0111111111 (Stephanus 11),111111111,11,11, 171.
0111111111 (1111111 11), 1111111111111.,81,111.
emmau (111111111 1111111111, 7.

01111111 (1111111),111111, 7.

01111111 (01111 11), 111111, 1.
01111111(111111111111), 1111111111, 11.
1111111111 (1111111111 11),11.

0111111111 (linguent 11), 78.
’ 0111111111 (lohannes de), 11.

cuman, Benholoneus, 17.

0111111111 Engo, 112.
01111111111 (1111111111), 111.

01111111(11111111 11), 111.

01111111 (1111111), 117.
011111011111, 1111111111111111), 111. Ι

“ 011111111111111111), 11, 117. Ι
, 0111111 (11111111 11), 11, 81, 111, 111, 118.

(lunum (1111111111),111111111111111, 111.

11111111 (1111111111 11), 111111111 1111, 111.

0111111 (1111111111), 111111, 11.

0111111 (1111111), 1111111. 011111, 11.

0111110111 (1111111 11), 117.

eunom (11111111 11),117.

01111111 (0111111),117.

cunnum, 1111111111, 1111111111, 71.

cuman (0111111111 11), 11.

0111111 (1111111111 11), 1,11,111.

(lunum, 1, 11, 111.

0111111, 111111111111111111111111111111, 111.

0111111111, 1111111, 71.

0111111111, 0111111111, 111.

01111111, Pontius, 211.

0111111111, 1111111111, 111111, 1.

01111111110111, 111.

0111111111, 1111111, 111111, 11, 71, 111, 111.

011111111111111111111,1111111111111111111111,
111.

0111111111, vuillelmus. 11111111111,1,71.

Cunnum, willelnus, 111, 111.

0111111111 (1111111), 111.

01111111711111111), 111.

0111111111, 11111111, 111.

0111111111, mm, 111.

01111111,1111111, 111111, 111,

0111101111), 118.

0111111 (willermus 11), 111111 111.

01111 Du (11111111),111.

0111111111 011111 (1111111111, 111111), 17, 11,
200.

011111 (1111111111), 88.

011111 (11111111111111111111111 11), 81.

01111111(1111111)1111), 18. -

0111111111 111 0111111111 (1111111111 11), 11, 115 ’
151.

0111111(11111111, 11111111), 17, 111, 111, 151.

011111 (hospitalis 11), 111.

0111111111 (abbaye 11), 71.

0111111111 (11), 17.

0111111111, 111.

0111111111 (wilielmum), 117.

01111111111 (111111 11), 11111111, 111.

0111111111 (11111 11), 11.

011111111(111111), 111.

0111111111, 118.

0111111111 (11111111), 118.

01111111 (1111111111 11), 117.

011111101111 11), 117.

0111111111 (capellanus 11), 111.

0111111111(1111111), 111.

0111111111 (1111111111), 111111.

0111111111 (1111111111, 11111111111111), 111.

0111111111,111.

0111111111 (1111111111 11), 1111111111, 111.

0111111110111111111,1111111111111.,117, 111;
11111111011111111, 81, 111.

011111 (111111 11), 111.

011111 noc (111111111 11), 111.

Cunnum-omem, 71.

Cumaea-mmmm, 111.

“ 11111111(1111111111111111111111.

0111111111 (Mum 11), 111.

01111111 (1111111111 11), 11111111 11 11-1111, 71.
0111111111, 1, 7.

0111111111, 1.

0111111 (11111111), 111.

0111111111, 111.

01111111 (0111111111 11), 11.

0111111111 (1111111 11), 11.

,0111111111 111, 111111.

011111111(01111111111), 1111111, 118.

· 1111111111 (1111111111), 1111111111, 11, 111,

111.
01111111, 11.
0111111111 (111111), 111,
cmm, 11.
cmm-amem, 11.
cm (0111111 11), 11.
01111111011111111111), 111.
0111. (mm 11), 171.

 

