1100 110110 110 0000011000 00 010 011011. 000

110011 (0100111001 01), 010.

01110101,100, 101, 100, 101. ⁴

11010100 (0001001100), 00.

1101100 (01000αο1101 00), 00.

11001, 0000100, 1100000100, 000. ”

110111001, 00, 100.

1000011100, 100.

10011((101001100),100. “

101001 (00110100), 01001001, 00.

10110 (11100100 00), 10. Ι

10011 (0100001110 00), 00000000 01 101100 00010000
10000, 00. ·

100101101οι0 (11ιί1100000, 1111010), 000.

100011 (0100001111 00), 00.

101001(81ορ11100000), 100.

1011100101 (Petrus 010101), 0100100 S. 0011011, 100.

1001110000, 00.

1001101000 (10100100), 000.

1000110, 000.

100 01110111(1000ιο0), 100.

1011000101, presbiter, 100.

1000110000, 0000111100, 01.

um 000011, 0, 10, 01, 00, 00, 00, 1001001111, .

100. 210.

1000 1101001110, 01001 0001101110, 100001100010, 00,
00101, 000, 000.

10111 100110 (1101110100), 000.

10011101011100, 100, 000, 000.

100011οτ000, 0.

1011010οο (01010010 00),”101, 000. ’ ,

100010100110 (11001010 00), 1000000010 00 11000,
100. · ·

1000-11’011(1100000 00), 0110011100, 100.

1000-1100 (0001110000 110),100, 100.

1000001110 (0000000 00), 111100, 000.

1011000010 (11011010 00), 00.

100000οι0 (11101100 001 1111110011 00), 100, 100.

1000001110 (0010010000 00), 000.
10000001οο0 (1011101100 de), 0111001000, 00.

“ 1000000110, 010.
10000001 (000110 00), 0100101110, 01.

10000000(1]0101110111 00), 101, 100.

1011000110 (1101011100 11 110), 00.

10000000 (0011100100 110),00. .
100001001000 (0001011000 00), 0100010110, 00. ·
1000010000, 00.

1000000000.

1011000010 (0100111000 00), 000.
1000000ιο (1011011101 00), 0.
1000111100 (1010000011 00), 100, 000.
1000001001 (0101011101), 00, 000..
1000101100 (0010010010 00), 100.

1010001000 (1111011110 00), 100, 000.

100010110οω (1101110101υο 00), 0100001001 0010·
1100110000.,100. ’

101101 11000 (101010 0110110100), 000. .
101100 00010 (1101101000 00), 1111100, 010.

101101 011000 (01001, 0101011 00), 00, 001, 000.
10001 01000 (S. 1101111000 10), 100.

101101 00000 (11110011 110), 10111 10011000, 100.
1000100000 (0110 00), 110, 000.
1000100000 (1010000100 00), 101. .

1000100000 (1111101110ου0, 00100011111011011100), ⁴
domicelli, 100.

1000100000(11111110000), 100.
000001 00000(0100 00), 0.

100011010001(1οῑηο 00), 01001111 S. 11011, 00,
100, 101,

10001000100010(11000 0111111011000110), 100.

1000100000(11111001101·010011 00), presbiter, 110.
100010 (10111101 00), 00.

1000000 (101001 00), 100.

1000110110 (1110000011 001), 100, 000. “

101101001ιο (110130 001), 001010011000011100111101-
01ιοοΙ01, 100.

Α 1οο01100010 (1000111000), 00.

101100 0ομ110(1101001011100000), 00001Ιο00 101-
111111,001,000. ’

1000111 (10100111 10), 00,

100011000οω (0010110110),οω.

1011011 1101101110 (0001011100), 007.

10110100 (0100001111 00), 000.

1000001 (10000 00), 100, ’

1011000111, 100.

1000111. 001 10000100 (101000 00), 0110010110 01
1110110000 01100100, 0, 10.

10001010 (100001 00), 00 000110 uiuorum, 000100,
220.

10001100001(0010100011), 100.

100010111001110 (00010011 S. 0000001000 1 00010010

8.11010),0001 (0001101100), 010, 001 1(οο11001
110001111100000001010), 00ος (1011001 11110000),
000, 001.

1001001010 (Thomu, 0101100000οιιο 11010), 0,
1 0.

1000100011001 (11100011 0011 01010001), 101.
1000100000.ιο (0010111110), 00.
10001100οη01 (1001110010ῃο0101000), 00. ’

¹ 100010110000 (000101), 000.

1100010 ’10011011 (1101111000), 000.

100010 1000001 (00111111, prior), 001.
100011 violi (0000), 100.

’ 1011001οΠ. 1000110110.

10000010 (110000 00), 10.

38*

 

