171 ’ 11111 11111111

11111, 1,11,11.

1111111, 11111111111, 11111111, 17.

1111111, 1111111111 1111111111, 11.

1111111 (11111111 11), 111.

11111111, 8111111111, 111.

11111111, 1111111111, 111.

111111, 11111.

111 (1111111111), 11,71.

1111111111, 1111111, 11.

11111111, 1111111111,111111, 111111.

111111111, 111111 111111111111, 111111.

1111111, 1111111111, 1111111, 71.

11111111 111111, 111.

11111111,1111 11111111111111, 1.

1111111(11111111 11), 111.

1111111,[11111111111,1111111111, 111.

11111111111111111 1111111111, 111.

1111111 (1111111111, 11.

1111111111, 117.

11[1111111], achiepiscopus 1111111111, 117,
111.

11111111, 11111111, 11. ’ “ Ι

11111111, 111111,11.

1111111, 111111, 71.

1111111, 111111, 111.

1111111111 11111, 11111111, 11.

1111, 1111111111111, 11.

1.,11111111111111 S. 11111, 111.
1.,11111111111111111111111111, 111. ,
auom, stephanus, awo.

11111 (1111111), 71.

11111, (11111, 11.

1111(6111111111,1111 11), 11.

· 1111011111111111), 111.

1111 (1111111111 11),111111111111·11111, 11.
1111 (ulna 1‘* 11), 111.

11111 (11111 11) (V. 11111111111111), 11.
1111111, 111.

1111111111 episeopus (V. (11111111111111111111),

’ uz.

11111111111111, (1111111, 1111111111, 11111.
11111, 1111111, 111.

1111111, 111111, 101.

1111118111 111 1111111111 11), 1111,111,111,
1111 .

1111111111 (11111111 11), 117.
111111111, 1111111111, 111.

1111, 1111111111 11111111, 11.
1111, 111111, 1111.

1111. 1111111111-

1111, 1111111111 1111111, 11.
1111111111111, 117.

1111, 1111111111111111111, 11.
1111 1111111111, 111.

1111 11 uriom, 17.

1111 111 11111, 111.

1111 11 0111111111, 111.

1111 1101111, 111111, 71.

1111 1111111111, 117.
1111 1111111, 111.

1111 11 vallibus, 117 .
1111 11 1111111, 71.
1111 1111111, 1117.

,1111 111111, 1111.

111111111111, 111111, 111.
11111111,11111111.1111111111 pm 1111, 11. 1
11111111, 11111111. ΕΔΜ, 71.

11111111 11 1111111111, 111111, 117.
1111,11111111,11111111111111111011111111,·11. .
1111111111, 1111111111, 11.
11111, 11.

1111, 111 1111 (11111111), 11.
111, 11111111, 111.

1111111111111111111111 ¹⁸·
11111(11111111 11), 11.

111111 (111111111111), 1111111111 md„ 111.

Bm (1111111 11), 11111, 111.

11111 (1111111111 11 11), 111.

11111111 (1111111111), 11.

Dum (1111111111) (1. 111111), 111

111111((1111111ι11 Benedicti 11),111111111, 111.

111111 (11111 11), 1111111111, 11.

nutam (1111 11),11111111111111111111, 11.

munuum, presbiter, 11.

11111111 (1111111111 11), 7.

111111111111111111, 1111111111, 111.

11111, 1111111, 117.

11111, 1111111111, 11111 111111, 111.

1111111111 (11111111), 11.

num} d· rw, “a

111111111111, 11111111111111111111, 11.

111111111111, 1111111111 111111111. 11111 11 11-
11111, 111.

 

