uus 11111 cc cursorius 1111111111.

1111111111, laicus, 111.

1111111111 1101111111, 111.

1111111111, 11,71.

’ hueeorrrucrreressecieeia), 111,111.

1111111111 (11111 11), 71111.

1111111111 (1111111111 11), 111.

1111111111(11111111 11),111111111111111ς1.,111.

111111111111111 11), 111,111,111’,111,111.

11111111(11111111 hcari), 111.

renunciet.

1111111111 111, archiepiscopus 1111, 111,171.

1111111111 111111, 111.

huruuua 11 11111111, 1111111111, archidiaconus
111111.

heruteu, 111111 11111111 11 (1111111111 11 hmpuys·

v 111111111111111111, 1111111171..
111111, monachor, 111.

’ 111111,ρ11111111,11.

111111, archiepiscopus Lugduucuaie, 11. ·- ·
,111111,11111111,111. · “
111111, 111111, 71.

111111 (1111111), 1111.
’ 1111111 (0(’111111 11), 111111111111111, 111.
111111(1111111),111. ᾖ

Aurora (01111111 11), 111111 11111111. 111.
1111111(11111111), 1.

111111(111111111111’), 1111111111, 111.
1111111(1ὶ1111111111 11),111111,111.

herrore (1111111),111.

Aurora, Osseriua, flliue‘Guiiieirci‚ 111.
hiericus, 1111111111, diaconae, 71.
111111111111111, 11.

1111111,1111111, 11.

1111111, 11111111,111.

Aecum, mouiaiie S. ’1111111 ic Forieio, 111.
1111111111, irmina, 111.

1111111111111, 1. ¹
1111111, oepeiiauce P. herardi, 111111,111,111.
herme, 11111111, 117.

1111111,11111111111 1. 1111111 1111111111, 111.
Acerrae, dyaconus, 71.
1111111,111111111111111, 111.

1111111111111, 111.

11111111111111111, 1.

11111111, prcahircr. 11.

mma, raccrdoe, 111.

noum, ricariae 11 1111311111, 111.

11111111, 11111111, 1111111111, 11. -

, 1111111131111, capellanus pcrpciuur, rihho.

11111111 11111111, 111.
11111101111111, 111.

h

¹ 11111111 (1111111, 117.

hurane 11 111111, 111111, 17.

huruuua 11 1111111111, clericor, 118.
1111111111 111111, 111111111111, 111.
1111111 iuliani, notarice, 111.

11111111 Largo, 111,117.

horreario villario, capciiauue perpetuus, 11.

111111 (hospitalis 11111 111111, 111111111111111
(11111111),111. ¹,

1111111111, 1111111111, 11.

1111111111111111 (Pc. 1), 111111.

1111111, inimici 111111111111,.111.

1111111111, Patrue, episcopus, 11.

11111111 (1111111111 1’), 117,111,111,111.

1111111 (parrochias. 1111111111), 111.

1111111111, 11.

1111111111 (castrum 11),111.

111111111,ρ1111)1111, 111.

1111111111, 11111111111111111,11. ⁸

11111111111111111111111111 Lugd, 117.

1111111111 oe), 11,11,11,11,11,11,11,11,71,11,
111111,111,111,111,111,111,1111111111.
11111111.

hau (11111111 11),11,11,11,11,11,111,111.

1111(111111111. Petri 11), 111.

1111 (111111111),111.

111111 (viiie 111111), 71,117,111’.

111111111111111111), 111,111.

11111 (hcapiiaiia juxta pontem), 111,111.

huruuua, cantuaria cmhicpieoopus, 111111.

. 1111111111, diaconus, 11.

1111111111, 1111111111, 111.

1111111111 0111111, 111.

1111111111 11111111111111111111111), 11. ’

11111111111111111111, 11,

11111111, 11111111, 111. Ι

11111111 111111, Wiiieimue, 111111, 71111.

1111111111, 1111111111,11,118.

huruuua, 11111111, 11.

1111111111, preehiicr, 11.

11111111 1101111111, 111111, 7.

huruuua 11111111, 111. .

huruuua iiipaudi, 1111111 (11. 1111111111 hisacii).

’ 1,11,111,111,111,111.

1111111 (1111111111 1), 11111.

11111111111111111, 1111111111, 111111, 111.

11111101111111111), 1111111111 11 canonicor,
111.

11111111,111111(111111 11111111), 11.

11111111, 111111, 71.

11111111,1111111111, 11.

11111111, 1111111111, 111.

 

